SEC     P
   0.100  870.000
   0.200  870.000
   0.300  870.000
   0.400  840.000
   0.500  850.000
   0.600  850.000
   0.700  880.000
   0.800  840.000
   0.900  850.000
   1.000  850.000
   1.100  870.000
   1.200  840.000
   1.300  840.000
   1.400  830.000
   1.500  880.000
   1.600  870.000
   1.700  850.000
   1.800  900.000
   1.900  880.000
   2.000  840.000
   2.100  850.000
   2.200  840.000
   2.300  890.000
   2.400  870.000
   2.500  860.000
   2.600  860.000
   2.700  860.000
   2.800  850.000
   2.900  870.000
   3.000  860.000
   3.100  860.000
   3.200 1140.000
   3.300  950.000
   3.400  880.000
   3.500  870.000
   3.600  840.000
   3.700  850.000
   3.800  850.000
   3.900  880.000
   4.000  870.000
   4.100  860.000
   4.200  860.000
   4.300  870.000
   4.400  850.000
   4.500  880.000
   4.600  870.000
   4.700  850.000
   4.800  870.000
   4.900  860.000
   5.000  860.000
   5.100  860.000
   5.200  890.000
   5.300  860.000
   5.400  860.000
   5.500  900.000
   5.600  860.000
   5.700  870.000
   5.800  850.000
   5.900  860.000
   6.000  860.000
   6.100  880.000
   6.200  860.000
   6.300  880.000
   6.400  860.000
   6.500  850.000
   6.600  860.000
   6.700  850.000
   6.800  890.000
   6.900  860.000
   7.000  860.000
   7.100  910.000
   7.200  870.000
   7.300  850.000
   7.400  860.000
   7.500  850.000
   7.600  850.000
   7.700  880.000
   7.800  860.000
   7.900  850.000
   8.000  850.000
   8.100  870.000
   8.200  850.000
   8.300  840.000
   8.400  840.000
   8.500  860.000
   8.600  860.000
   8.700  860.000
   8.800  880.000
   8.900  850.000
   9.000  860.000
   9.100  870.000
   9.200  860.000
   9.300  860.000
   9.400  860.000
   9.500  850.000
   9.600  870.000
   9.700  870.000
   9.800  860.000
   9.900  870.000
  10.000  860.000
  10.100  850.000
  10.200  850.000
  10.300  850.000
  10.400  850.000
  10.500  850.000
  10.600  840.000
  10.700 3790.000
  10.800 6410.000
  10.900 1100.000
  11.000  990.000
  11.100  980.000
  11.200  980.000
  11.300  980.000
  11.400  970.000
  11.500  970.000
  11.600  980.000
  11.700  960.000
  11.800 1010.000
  11.900  940.000
  12.000  960.000
  12.100 1010.000
  12.200  990.000
  12.300  990.000
  12.400  920.000
  12.500  930.000
  12.600  960.000
  12.700  960.000
  12.800  980.000
  12.900  950.000
  13.000  990.000
  13.100  960.000
  13.200  970.000
  13.300  940.000
  13.400  960.000
  13.500 1000.000
  13.600 1000.000
  13.700  950.000
  13.800  960.000
  13.900  970.000
  14.000  990.000
  14.100  950.000
  14.200  970.000
  14.300  960.000
  14.400  980.000
  14.500  970.000
  14.600  980.000
  14.700  950.000
  14.800  950.000
  14.900  960.000
  15.000  970.000
  15.100  960.000
  15.200  970.000
  15.300  960.000
  15.400  980.000
  15.500  970.000
  15.600 1020.000
  15.700  980.000
  15.800 1000.000
  15.900  990.000
  16.000  980.000
  16.100  950.000
  16.200  970.000
  16.300  950.000
  16.400  970.000
  16.500  980.000
  16.600  960.000
  16.700  970.000
  16.800  970.000
  16.900 1010.000
  17.000  980.000
  17.100  980.000
  17.200 1010.000
  17.300  980.000
  17.400  980.000
  17.500 1030.000
  17.600  970.000
  17.700  950.000
  17.800  990.000
  17.900  990.000
  18.000  960.000
  18.100  970.000
  18.200  960.000
  18.300  980.000
  18.400  990.000
  18.500  970.000
  18.600  970.000
  18.700  890.000
  18.800  950.000
  18.900 1000.000
  19.000  960.000
  19.100  960.000
  19.200  980.000
  19.300  990.000
  19.400  960.000
  19.500  970.000
  19.600  970.000
  19.700 1000.000
  19.800  960.000
  19.900  970.000
  20.000  970.000
  20.100  970.000
  20.200  960.000
  20.300 1020.000
  20.400  970.000
  20.500  990.000
  20.600  990.000
  20.700  920.000
  20.800 1000.000
  20.900  990.000
  21.000  980.000
  21.100  970.000
  21.200  960.000
  21.300  970.000
  21.400  970.000
  21.500  960.000
  21.600  970.000
  21.700 1000.000
  21.800  970.000
  21.900  940.000
  22.000 1010.000
  22.100  970.000
  22.200  960.000
  22.300  960.000
  22.400  990.000
  22.500  970.000
  22.600  930.000
  22.700 1010.000
  22.800  980.000
  22.900  970.000
  23.000  970.000
  23.100  970.000
  23.200  950.000
  23.300  990.000
  23.400  950.000
  23.500  980.000
  23.600  960.000
  23.700  980.000
  23.800  980.000
  23.900  990.000
  24.000  980.000
  24.100  950.000
  24.200  960.000
  24.300  930.000
  24.400  970.000
  24.500  940.000
  24.600  970.000
  24.700  980.000
  24.800  960.000
  24.900  970.000
  25.000  970.000
  25.100  970.000
  25.200  940.000
  25.300  990.000
  25.400  970.000
  25.500  960.000
  25.600  970.000
  25.700  970.000
  25.800 1010.000
  25.900  990.000
  26.000  970.000
  26.100  960.000
  26.200  990.000
  26.300  980.000
  26.400  970.000
  26.500  990.000
  26.600  940.000
  26.700  980.000
  26.800  960.000
  26.900  990.000
  27.000  970.000
  27.100  950.000
  27.200  950.000
  27.300 1030.000
  27.400  980.000
  27.500  950.000
  27.600 1000.000
  27.700  980.000
  27.800  990.000
  27.900  960.000
  28.000  970.000
  28.100  990.000
  28.200 1010.000
  28.300  970.000
  28.400  980.000
  28.500  980.000
  28.600  980.000
  28.700  960.000
  28.800  980.000
  28.900  940.000
  29.000  970.000
  29.100  990.000
  29.200  980.000
  29.300  940.000
  29.400 1030.000
  29.500  940.000
  29.600  980.000
  29.700  980.000
  29.800  960.000
  29.900  980.000
  30.000  960.000
  30.100  980.000
  30.200 1000.000
  30.300  980.000
  30.400  940.000
  30.500  970.000
  30.600  970.000
  30.700  990.000
  30.800  990.000
  30.900  970.000
  31.000  980.000
  31.100  970.000
  31.200 1000.000
  31.300  970.000
  31.400  980.000
  31.500  970.000
  31.600  980.000
  31.700 1010.000
  31.800  960.000
  31.900  960.000
  32.000  990.000
  32.100  970.000
  32.200 1010.000
  32.300  990.000
  32.400  970.000
  32.500  950.000
  32.600  980.000
  32.700  960.000
  32.800  940.000
  32.900  980.000
  33.000  970.000
  33.100  980.000
  33.200  970.000
  33.300  950.000
  33.400  960.000
  33.500  990.000
  33.600  970.000
  33.700  990.000
  33.800  980.000
  33.900  970.000
  34.000 1030.000
  34.100  960.000
  34.200  970.000
  34.300  990.000
  34.400  980.000
  34.500  970.000
  34.600  990.000
  34.700  970.000
  34.800  950.000
  34.900  970.000
  35.000  940.000
  35.100  990.000
  35.200  970.000
  35.300  980.000
  35.400  960.000
  35.500  990.000
  35.600  940.000
  35.700  950.000
  35.800  980.000
  35.900  930.000
  36.000  990.000
  36.100  940.000
  36.200  980.000
  36.300  980.000
  36.400  960.000
  36.500  960.000
  36.600  960.000
  36.700  960.000
  36.800  950.000
  36.900 1010.000
  37.000  970.000
  37.100  970.000
  37.200  970.000
  37.300  970.000
  37.400  940.000
  37.500  970.000
  37.600  930.000
  37.700  960.000
  37.800  970.000
  37.900  970.000
  38.000  990.000
  38.100  990.000
  38.200  960.000
  38.300  970.000
  38.400  970.000
  38.500  990.000
  38.600  960.000
  38.700  980.000
  38.800  960.000
  38.900  960.000
  39.000  960.000
  39.100  970.000
  39.200 1010.000
  39.300  990.000
  39.400  970.000
  39.500  970.000
  39.600  960.000
  39.700  960.000
  39.800  980.000
  39.900  980.000
  40.000  980.000
  40.100  970.000
  40.200 1010.000
  40.300  920.000
  40.400  980.000
  40.500  990.000
  40.600  960.000
  40.700  980.000
  40.800  980.000
  40.900 7960.000
  41.000 3250.000
  41.100 1190.000
  41.200 1090.000
  41.300 1130.000
  41.400 1060.000
  41.500 1140.000
  41.600 1060.000
  41.700 1100.000
  41.800 1120.000
  41.900 1080.000
  42.000 1090.000
  42.100 1120.000
  42.200 1070.000
  42.300 1010.000
  42.400 1220.000
  42.500 1090.000
  42.600 1110.000
  42.700 1070.000
  42.800 1060.000
  42.900 1050.000
  43.000 1040.000
  43.100 1060.000
  43.200 1100.000
  43.300 1130.000
  43.400 1080.000
  43.500 1090.000
  43.600 1060.000
  43.700 1080.000
  43.800 1080.000
  43.900 1090.000
  44.000 1050.000
  44.100 1120.000
  44.200 1090.000
  44.300 1100.000
  44.400 1140.000
  44.500 1100.000
  44.600 1110.000
  44.700 1100.000
  44.800 1070.000
  44.900 1090.000
  45.000 1110.000
  45.100 1070.000
  45.200 1090.000
  45.300 1110.000
  45.400 1070.000
  45.500 1110.000
  45.600 1070.000
  45.700 1070.000
  45.800 1080.000
  45.900 1120.000
  46.000 1080.000
  46.100 1080.000
  46.200 1170.000
  46.300 1080.000
  46.400 1120.000
  46.500 1130.000
  46.600 1060.000
  46.700 1150.000
  46.800 1130.000
  46.900 1050.000
  47.000 1140.000
  47.100 1060.000
  47.200 1130.000
  47.300 1120.000
  47.400 1100.000
  47.500 1060.000
  47.600 1120.000
  47.700 1060.000
  47.800 1020.000
  47.900 1080.000
  48.000 1070.000
  48.100 1110.000
  48.200 1110.000
  48.300 1050.000
  48.400 1100.000
  48.500 1070.000
  48.600 1070.000
  48.700 1070.000
  48.800 1120.000
  48.900 1060.000
  49.000 1110.000
  49.100 1110.000
  49.200 1080.000
  49.300 1130.000
  49.400 1090.000
  49.500 1090.000
  49.600 1100.000
  49.700 1070.000
  49.800 1050.000
  49.900 1110.000
  50.000 1050.000
  50.100 1150.000
  50.200 1080.000
  50.300 1070.000
  50.400 1050.000
  50.500 1100.000
  50.600 1080.000
  50.700 1080.000
  50.800 1120.000
  50.900 1080.000
  51.000 1090.000
  51.100 1090.000
  51.200 1100.000
  51.300 1080.000
  51.400 1110.000
  51.500 1080.000
  51.600 1100.000
  51.700 1090.000
  51.800 1060.000
  51.900 1120.000
  52.000 1100.000
  52.100 1110.000
  52.200 1090.000
  52.300 1110.000
  52.400 1050.000
  52.500 1070.000
  52.600 1200.000
  52.700 1060.000
  52.800 1110.000
  52.900 1110.000
  53.000 1120.000
  53.100 1100.000
  53.200 1090.000
  53.300 1030.000
  53.400 1120.000
  53.500 1070.000
  53.600 1110.000
  53.700 1090.000
  53.800 1100.000
  53.900 1090.000
  54.000 1160.000
  54.100 1080.000
  54.200 1120.000
  54.300 1100.000
  54.400 1060.000
  54.500 1070.000
  54.600 1060.000
  54.700 1090.000
  54.800 1130.000
  54.900 1100.000
  55.000 1100.000
  55.100 1070.000
  55.200 1080.000
  55.300 1030.000
  55.400 1100.000
  55.500 1070.000
  55.600 1160.000
  55.700 1110.000
  55.800 1110.000
  55.900 1100.000
  56.000 1090.000
  56.100 1080.000
  56.200 1110.000
  56.300 1100.000
  56.400 1140.000
  56.500 1080.000
  56.600 1110.000
  56.700 1120.000
  56.800 1080.000
  56.900 1140.000
  57.000 1040.000
  57.100 1160.000
  57.200 1040.000
  57.300 1050.000
  57.400 1110.000
  57.500 1110.000
  57.600 1080.000
  57.700 1100.000
  57.800 1110.000
  57.900 1070.000
  58.000 1100.000
  58.100 1090.000
  58.200 1100.000
  58.300 1080.000
  58.400 1100.000
  58.500 1080.000
  58.600 1070.000
  58.700 1100.000
  58.800 1130.000
  58.900 1130.000
  59.000 1110.000
  59.100 1110.000
  59.200 1060.000
  59.300 1040.000
  59.400 1100.000
  59.500 1060.000
  59.600 1120.000
  59.700 1110.000
  59.800 1080.000
  59.900 1100.000
  60.000 1070.000
  60.100 1090.000
  60.200 1080.000
  60.300 1070.000
  60.400 1070.000
  60.500 1090.000
  60.600 1030.000
  60.700 1130.000
  60.800 1130.000
  60.900 1130.000
  61.000 1120.000
  61.100 1110.000
  61.200 1060.000
  61.300 1110.000
  61.400 1090.000
  61.500 1090.000
  61.600 1100.000
  61.700 1110.000
  61.800 1080.000
  61.900 1060.000
  62.000 1130.000
  62.100 1060.000
  62.200 1080.000
  62.300 1100.000
  62.400 1100.000
  62.500 1070.000
  62.600 1120.000
  62.700 1090.000
  62.800 1180.000
  62.900 1120.000
  63.000 1060.000
  63.100 1050.000
  63.200 1070.000
  63.300 1090.000
  63.400 1110.000
  63.500 1110.000
  63.600 1090.000
  63.700 1110.000
  63.800 1080.000
  63.900 1080.000
  64.000 1090.000
  64.100 1080.000
  64.200 1080.000
  64.300 1080.000
  64.400 1080.000
  64.500 1140.000
  64.600 1130.000
  64.700 1070.000
  64.800 1090.000
  64.900 1150.000
  65.000 1080.000
  65.100 1060.000
  65.200 1070.000
  65.300 1100.000
  65.400 1070.000
  65.500 1130.000
  65.600 1090.000
  65.700 1090.000
  65.800 1110.000
  65.900 1060.000
  66.000 1070.000
  66.100 1090.000
  66.200 1080.000
  66.300 1100.000
  66.400 1140.000
  66.500 1080.000
  66.600 1100.000
  66.700 1090.000
  66.800 1090.000
  66.900 1090.000
  67.000 1090.000
  67.100 1050.000
  67.200 1120.000
  67.300 1090.000
  67.400 1070.000
  67.500 1110.000
  67.600 1070.000
  67.700 1090.000
  67.800 1110.000
  67.900 1070.000
  68.000 1060.000
  68.100 1110.000
  68.200 1090.000
  68.300 1100.000
  68.400 1120.000
  68.500 1080.000
  68.600 1080.000
  68.700 1090.000
  68.800 1050.000
  68.900 1070.000
  69.000 1060.000
  69.100 1080.000
  69.200 1090.000
  69.300 1110.000
  69.400 1050.000
  69.500 1090.000
  69.600 1080.000
  69.700 1080.000
  69.800 1100.000
  69.900 1080.000
  70.000 1060.000
  70.100 1110.000
  70.200 1090.000
  70.300 1100.000
  70.400 1110.000
  70.500 1090.000
  70.600 1080.000
  70.700 1120.000
  70.800 1120.000
  70.900 10270.000
  71.000 8280.000
  71.100 1430.000
  71.200 1360.000
  71.300 1280.000
  71.400 1220.000
  71.500 1300.000
  71.600 1160.000
  71.700 1310.000
  71.800 1190.000
  71.900 1260.000
  72.000 1280.000
  72.100 1270.000
  72.200 1210.000
  72.300 1340.000
  72.400 1210.000
  72.500 1280.000
  72.600 1240.000
  72.700 1310.000
  72.800 1210.000
  72.900 1300.000
  73.000 1240.000
  73.100 1290.000
  73.200 1220.000
  73.300 1290.000
  73.400 1220.000
  73.500 1340.000
  73.600 1230.000
  73.700 1280.000
  73.800 1260.000
  73.900 1240.000
  74.000 1260.000
  74.100 1240.000
  74.200 1230.000
  74.300 1260.000
  74.400 1270.000
  74.500 1230.000
  74.600 1290.000
  74.700 1260.000
  74.800 1270.000
  74.900 1240.000
  75.000 1320.000
  75.100 1220.000
  75.200 1330.000
  75.300 1220.000
  75.400 1320.000
  75.500 1270.000
  75.600 1280.000
  75.700 1230.000
  75.800 1330.000
  75.900 1270.000
  76.000 1340.000
  76.100 1230.000
  76.200 1290.000
  76.300 1210.000
  76.400 1260.000
  76.500 1230.000
  76.600 1250.000
  76.700 1290.000
  76.800 1240.000
  76.900 1220.000
  77.000 1280.000
  77.100 1230.000
  77.200 1260.000
  77.300 1290.000
  77.400 1210.000
  77.500 1270.000
  77.600 1280.000
  77.700 1260.000
  77.800 1220.000
  77.900 1360.000
  78.000 1190.000
  78.100 1300.000
  78.200 1250.000
  78.300 1240.000
  78.400 1270.000
  78.500 1290.000
  78.600 1240.000
  78.700 1300.000
  78.800 1230.000
  78.900 1220.000
  79.000 1300.000
  79.100 1280.000
  79.200 1240.000
  79.300 1240.000
  79.400 1300.000
  79.500 1230.000
  79.600 1220.000
  79.700 1270.000
  79.800 1210.000
  79.900 1300.000
  80.000 1250.000
  80.100 1230.000
  80.200 1310.000
  80.300 1230.000
  80.400 1260.000
  80.500 1260.000
  80.600 1260.000
  80.700 1200.000
  80.800 1340.000
  80.900 1220.000
  81.000 1230.000
  81.100 1210.000
  81.200 1220.000
  81.300 1220.000
  81.400 1250.000
  81.500 1220.000
  81.600 1250.000
  81.700 1280.000
  81.800 1220.000
  81.900 1270.000
  82.000 1210.000
  82.100 1240.000
  82.200 1250.000
  82.300 1240.000
  82.400 1190.000
  82.500 1200.000
  82.600 1290.000
  82.700 1230.000
  82.800 1250.000
  82.900 1290.000
  83.000 1200.000
  83.100 1270.000
  83.200 1240.000
  83.300 1240.000
  83.400 1250.000
  83.500 1260.000
  83.600 1240.000
  83.700 1250.000
  83.800 1270.000
  83.900 1220.000
  84.000 1280.000
  84.100 1240.000
  84.200 1230.000
  84.300 1260.000
  84.400 1240.000
  84.500 1260.000
  84.600 1290.000
  84.700 1220.000
  84.800 1280.000
  84.900 1230.000
  85.000 1270.000
  85.100 1240.000
  85.200 1300.000
  85.300 1180.000
  85.400 1320.000
  85.500 1210.000
  85.600 1250.000
  85.700 1250.000
  85.800 1300.000
  85.900 1230.000
  86.000 1270.000
  86.100 1290.000
  86.200 1230.000
  86.300 1300.000
  86.400 1250.000
  86.500 1250.000
  86.600 1240.000
  86.700 1250.000
  86.800 1230.000
  86.900 1190.000
  87.000 1210.000
  87.100 1250.000
  87.200 1290.000
  87.300 1270.000
  87.400 1240.000
  87.500 1300.000
  87.600 1180.000
  87.700 1300.000
  87.800 1220.000
  87.900 1270.000
  88.000 1240.000
  88.100 1320.000
  88.200 1200.000
  88.300 1320.000
  88.400 1240.000
  88.500 1230.000
  88.600 1260.000
  88.700 1250.000
  88.800 1220.000
  88.900 1250.000
  89.000 1290.000
  89.100 1210.000
  89.200 1260.000
  89.300 1290.000
  89.400 1210.000
  89.500 1270.000
  89.600 1250.000
  89.700 1220.000
  89.800 1250.000
  89.900 1260.000
  90.000 1230.000
  90.100 1280.000
  90.200 1240.000
  90.300 1210.000
  90.400 1340.000
  90.500 1210.000
  90.600 1270.000
  90.700 1270.000
  90.800 1260.000
  90.900 1200.000
  91.000 1310.000
  91.100 1220.000
  91.200 1310.000
  91.300 1310.000
  91.400 1250.000
  91.500 1250.000
  91.600 1290.000
  91.700 1150.000
  91.800 1290.000
  91.900 1240.000
  92.000 1230.000
  92.100 1230.000
  92.200 1130.000
  92.300 1180.000
  92.400 1270.000
  92.500 1260.000
  92.600 1250.000
  92.700 1270.000
  92.800 1270.000
  92.900 1230.000
  93.000 1230.000
  93.100 1270.000
  93.200 1190.000
  93.300 1310.000
  93.400 1240.000
  93.500 1230.000
  93.600 1280.000
  93.700 1270.000
  93.800 1220.000
  93.900 1270.000
  94.000 1250.000
  94.100 1230.000
  94.200 1240.000
  94.300 1240.000
  94.400 1200.000
  94.500 1290.000
  94.600 1200.000
  94.700 1290.000
  94.800 1250.000
  94.900 1220.000
  95.000 1250.000
  95.100 1260.000
  95.200 1260.000
  95.300 1240.000
  95.400 1290.000
  95.500 1220.000
  95.600 1310.000
  95.700 1220.000
  95.800 1270.000
  95.900 1240.000
  96.000 1280.000
  96.100 1230.000
  96.200 1250.000
  96.300 1250.000
  96.400 1240.000
  96.500 1260.000
  96.600 1240.000
  96.700 1240.000
  96.800 1270.000
  96.900 1250.000
  97.000 1250.000
  97.100 1250.000
  97.200 1250.000
  97.300 1230.000
  97.400 1280.000
  97.500 1200.000
  97.600 1240.000
  97.700 1290.000
  97.800 1230.000
  97.900 1290.000
  98.000 1300.000
  98.100 1250.000
  98.200 1250.000
  98.300 1280.000
  98.400 1230.000
  98.500 1290.000
  98.600 1230.000
  98.700 1250.000
  98.800 1300.000
  98.900 1250.000
  99.000 1210.000
  99.100 1300.000
  99.200 1200.000
  99.300 1270.000
  99.400 1290.000
  99.500 1240.000
  99.600 1250.000
  99.700 1250.000
  99.800 1220.000
  99.900 1250.000
 100.000 1260.000
 100.100 1280.000
 100.200 1200.000
 100.300 1310.000
 100.400 1220.000
 100.500 1230.000
 100.600 1300.000
 100.700 1240.000
 100.800 1240.000
 100.900 11170.000
 101.000 18120.000
 101.100 1730.000
 101.200 1490.000
 101.300 1500.000
 101.400 1430.000
 101.500 1370.000
 101.600 1500.000
 101.700 1480.000
 101.800 1450.000
 101.900 1470.000
 102.000 1430.000
 102.100 1440.000
 102.200 1490.000
 102.300 1460.000
 102.400 1250.000
 102.500 1460.000
 102.600 1480.000
 102.700 1470.000
 102.800 1480.000
 102.900 1470.000
 103.000 1410.000
 103.100 1440.000
 103.200 1500.000
 103.300 1490.000
 103.400 1400.000
 103.500 1460.000
 103.600 1500.000
 103.700 1460.000
 103.800 1440.000
 103.900 1430.000
 104.000 1430.000
 104.100 1500.000
 104.200 1460.000
 104.300 1440.000
 104.400 1490.000
 104.500 1540.000
 104.600 1450.000
 104.700 1420.000
 104.800 1490.000
 104.900 1420.000
 105.000 1360.000
 105.100 1490.000
 105.200 1480.000
 105.300 1440.000
 105.400 1480.000
 105.500 1530.000
 105.600 1470.000
 105.700 1460.000
 105.800 1440.000
 105.900 1430.000
 106.000 1430.000
 106.100 1440.000
 106.200 1470.000
 106.300 1440.000
 106.400 1490.000
 106.500 1480.000
 106.600 1420.000
 106.700 1420.000
 106.800 1430.000
 106.900 1420.000
 107.000 1420.000
 107.100 1520.000
 107.200 1460.000
 107.300 1410.000
 107.400 1490.000
 107.500 1530.000
 107.600 1420.000
 107.700 1430.000
 107.800 1460.000
 107.900 1400.000
 108.000 1460.000
 108.100 1510.000
 108.200 1440.000
 108.300 1480.000
 108.400 1480.000
 108.500 1420.000
 108.600 1430.000
 108.700 1460.000
 108.800 1410.000
 108.900 1440.000
 109.000 1470.000
 109.100 1440.000
 109.200 1460.000
 109.300 1500.000
 109.400 1450.000
 109.500 1430.000
 109.600 1410.000
 109.700 1420.000
 109.800 1440.000
 109.900 1440.000
 110.000 1470.000
 110.100 1520.000
 110.200 1400.000
 110.300 1470.000
 110.400 1510.000
 110.500 1410.000
 110.600 1360.000
 110.700 1520.000
 110.800 1440.000
 110.900 1410.000
 111.000 1520.000
 111.100 1460.000
 111.200 1440.000
 111.300 1510.000
 111.400 1530.000
 111.500 1380.000
 111.600 1420.000
 111.700 1410.000
 111.800 1400.000
 111.900 1460.000
 112.000 1500.000
 112.100 1430.000
 112.200 1460.000
 112.300 1540.000
 112.400 1460.000
 112.500 1400.000
 112.600 1440.000
 112.700 1480.000
 112.800 1450.000
 112.900 1440.000
 113.000 1500.000
 113.100 1450.000
 113.200 1450.000
 113.300 1460.000
 113.400 1370.000
 113.500 1400.000
 113.600 1500.000
 113.700 1420.000
 113.800 1430.000
 113.900 1560.000
 114.000 1460.000
 114.100 1390.000
 114.200 1550.000
 114.300 1490.000
 114.400 1340.000
 114.500 1440.000
 114.600 1550.000
 114.700 1420.000
 114.800 1470.000
 114.900 1470.000
 115.000 1410.000
 115.100 1500.000
 115.200 1490.000
 115.300 1420.000
 115.400 1460.000
 115.500 1450.000
 115.600 1440.000
 115.700 1440.000
 115.800 1430.000
 115.900 1440.000
 116.000 1490.000
 116.100 1430.000
 116.200 1510.000
 116.300 1500.000
 116.400 1370.000
 116.500 1490.000
 116.600 1540.000
 116.700 1360.000
 116.800 1410.000
 116.900 1460.000
 117.000 1390.000
 117.100 1450.000
 117.200 1450.000
 117.300 1420.000
 117.400 1480.000
 117.500 1510.000
 117.600 1430.000
 117.700 1450.000
 117.800 1510.000
 117.900 1460.000
 118.000 1410.000
 118.100 1470.000
 118.200 1470.000
 118.300 1360.000
 118.400 1440.000
 118.500 1470.000
 118.600 1370.000
 118.700 1440.000
 118.800 1520.000
 118.900 1450.000
 119.000 1420.000
 119.100 1490.000
 119.200 1490.000
 119.300 1360.000
 119.400 1440.000
 119.500 1440.000
 119.600 1360.000
 119.700 1400.000
 119.800 1500.000
 119.900 1430.000
 120.000 1390.000
 120.100 1530.000
 120.200 1500.000
 120.300 1390.000
 120.400 1450.000
 120.500 1470.000
 120.600 1370.000
 120.700 1420.000
 120.800 1490.000
 120.900 1370.000
 121.000 1460.000
 121.100 1560.000
 121.200 1470.000
 121.300 1420.000
 121.400 1500.000
 121.500 1430.000
 121.600 1410.000
 121.700 1530.000
 121.800 1470.000
 121.900 1420.000
 122.000 1470.000
 122.100 1440.000
 122.200 1380.000
 122.300 1440.000
 122.400 1470.000
 122.500 1400.000
 122.600 1440.000
 122.700 1510.000
 122.800 1480.000
 122.900 1450.000
 123.000 1520.000
 123.100 1450.000
 123.200 1360.000
 123.300 1450.000
 123.400 1510.000
 123.500 1310.000
 123.600 1440.000
 123.700 1570.000
 123.800 1460.000
 123.900 1420.000
 124.000 1530.000
 124.100 1450.000
 124.200 1390.000
 124.300 1470.000
 124.400 1470.000
 124.500 1360.000
 124.600 1460.000
 124.700 1520.000
 124.800 1420.000
 124.900 1490.000
 125.000 1520.000
 125.100 1440.000
 125.200 1450.000
 125.300 1500.000
 125.400 1430.000
 125.500 1350.000
 125.600 1470.000
 125.700 1510.000
 125.800 1380.000
 125.900 1490.000
 126.000 1460.000
 126.100 1360.000
 126.200 1420.000
 126.300 1500.000
 126.400 1420.000
 126.500 1460.000
 126.600 1510.000
 126.700 1430.000
 126.800 1380.000
 126.900 1520.000
 127.000 1410.000
 127.100 1320.000
 127.200 1460.000
 127.300 1520.000
 127.400 1330.000
 127.500 1400.000
 127.600 1540.000
 127.700 1400.000
 127.800 1410.000
 127.900 1510.000
 128.000 1420.000
 128.100 1410.000
 128.200 1490.000
 128.300 1460.000
 128.400 1370.000
 128.500 1430.000
 128.600 1470.000
 128.700 1390.000
 128.800 1410.000
 128.900 1510.000
 129.000 1410.000
 129.100 1370.000
 129.200 1540.000
 129.300 1490.000
 129.400 1340.000
 129.500 1430.000
 129.600 1500.000
 129.700 1330.000
 129.800 1410.000
 129.900 1550.000
 130.000 1390.000
 130.100 1420.000
 130.200 1570.000
 130.300 1430.000
 130.400 1330.000
 130.500 1520.000
 130.600 1370.000
 130.700 1390.000
 130.800 1530.000
 130.900 10800.000
 131.000 19820.000
 131.100 2240.000
 131.200 1710.000
 131.300 1760.000
 131.400 1840.000
 131.500 1700.000
 131.600 1580.000
 131.700 1520.000
 131.800 1540.000
 131.900 1680.000
 132.000 1700.000
 132.100 1760.000
 132.200 1780.000
 132.300 1700.000
 132.400 1610.000
 132.500 1530.000
 132.600 1540.000
 132.700 1660.000
 132.800 1770.000
 132.900 1820.000
 133.000 1800.000
 133.100 1670.000
 133.200 1530.000
 133.300 1460.000
 133.400 1570.000
 133.500 1660.000
 133.600 1790.000
 133.700 1860.000
 133.800 1740.000
 133.900 1620.000
 134.000 1560.000
 134.100 1530.000
 134.200 1630.000
 134.300 1670.000
 134.400 1760.000
 134.500 1780.000
 134.600 1700.000
 134.700 1600.000
 134.800 1530.000
 134.900 1580.000
 135.000 1770.000
 135.100 1870.000
 135.200 1750.000
 135.300 1590.000
 135.400 1560.000
 135.500 1520.000
 135.600 1660.000
 135.700 1700.000
 135.800 1710.000
 135.900 1760.000
 136.000 1660.000
 136.100 1570.000
 136.200 1550.000
 136.300 1580.000
 136.400 1660.000
 136.500 1720.000
 136.600 1780.000
 136.700 1850.000
 136.800 1710.000
 136.900 1560.000
 137.000 1480.000
 137.100 1510.000
 137.200 1630.000
 137.300 1770.000
 137.400 1790.000
 137.500 1770.000
 137.600 1660.000
 137.700 1550.000
 137.800 1540.000
 137.900 1590.000
 138.000 1710.000
 138.100 1750.000
 138.200 1760.000
 138.300 1720.000
 138.400 1570.000
 138.500 1530.000
 138.600 1530.000
 138.700 1610.000
 138.800 1590.000
 138.900 1790.000
 139.000 1800.000
 139.100 1680.000
 139.200 1510.000
 139.300 1590.000
 139.400 1520.000
 139.500 1640.000
 139.600 1790.000
 139.700 1680.000
 139.800 1580.000
 139.900 1540.000
 140.000 1550.000
 140.100 1590.000
 140.200 1740.000
 140.300 1800.000
 140.400 1800.000
 140.500 1670.000
 140.600 1510.000
 140.700 1470.000
 140.800 1520.000
 140.900 1650.000
 141.000 1750.000
 141.100 1770.000
 141.200 1800.000
 141.300 1630.000
 141.400 1540.000
 141.500 1530.000
 141.600 1570.000
 141.700 1710.000
 141.800 1780.000
 141.900 1720.000
 142.000 1790.000
 142.100 1590.000
 142.200 1510.000
 142.300 1510.000
 142.400 1580.000
 142.500 1720.000
 142.600 1820.000
 142.700 1820.000
 142.800 1670.000
 142.900 1490.000
 143.000 1490.000
 143.100 1510.000
 143.200 1630.000
 143.300 1770.000
 143.400 1700.000
 143.500 1750.000
 143.600 1650.000
 143.700 1520.000
 143.800 1550.000
 143.900 1570.000
 144.000 1640.000
 144.100 1750.000
 144.200 1570.000
 144.300 1500.000
 144.400 1490.000
 144.500 1520.000
 144.600 1630.000
 144.700 1740.000
 144.800 1740.000
 144.900 1730.000
 145.000 1620.000
 145.100 1460.000
 145.200 1540.000
 145.300 1570.000
 145.400 1670.000
 145.500 1740.000
 145.600 1750.000
 145.700 1760.000
 145.800 1590.000
 145.900 1510.000
 146.000 1430.000
 146.100 1550.000
 146.200 1750.000
 146.300 1810.000
 146.400 1800.000
 146.500 1740.000
 146.600 1540.000
 146.700 1480.000
 146.800 1510.000
 146.900 1570.000
 147.000 1750.000
 147.100 1770.000
 147.200 1760.000
 147.300 1630.000
 147.400 1510.000
 147.500 1550.000
 147.600 1520.000
 147.700 1670.000
 147.800 1790.000
 147.900 1800.000
 148.000 1770.000
 148.100 1560.000
 148.200 1470.000
 148.300 1510.000
 148.400 1570.000
 148.500 1720.000
 148.600 1800.000
 148.700 1750.000
 148.800 1710.000
 148.900 1520.000
 149.000 1510.000
 149.100 1660.000
 149.200 1770.000
 149.300 1800.000
 149.400 1750.000
 149.500 1580.000
 149.600 1450.000
 149.700 1500.000
 149.800 1550.000
 149.900 1750.000
 150.000 1800.000
 150.100 1760.000
 150.200 1730.000
 150.300 1590.000
 150.400 1550.000
 150.500 1500.000
 150.600 1620.000
 150.700 1720.000
 150.800 1780.000
 150.900 1680.000
 151.000 1680.000
 151.100 1540.000
 151.200 1560.000
 151.300 1510.000
 151.400 1660.000
 151.500 1840.000
 151.600 1800.000
 151.700 1750.000
 151.800 1580.000
 151.900 1450.000
 152.000 1520.000
 152.100 1550.000
 152.200 1720.000
 152.300 1810.000
 152.400 1730.000
 152.500 1710.000
 152.600 1550.000
 152.700 1530.000
 152.800 1530.000
 152.900 1620.000
 153.000 1720.000
 153.100 1770.000
 153.200 1770.000
 153.300 1660.000
 153.400 1530.000
 153.500 1510.000
 153.600 1500.000
 153.700 1800.000
 153.800 1760.000
 153.900 1700.000
 154.000 1550.000
 154.100 1500.000
 154.200 1530.000
 154.300 1600.000
 154.400 1720.000
 154.500 1720.000
 154.600 1740.000
 154.700 1710.000
 154.800 1510.000
 154.900 1520.000
 155.000 1520.000
 155.100 1610.000
 155.200 1800.000
 155.300 1770.000
 155.400 1680.000
 155.500 1580.000
 155.600 1420.000
 155.700 1520.000
 155.800 1540.000
 155.900 1700.000
 156.000 1780.000
 156.100 1740.000
 156.200 1720.000
 156.300 1570.000
 156.400 1510.000
 156.500 1530.000
 156.600 1590.000
 156.700 1750.000
 156.800 1760.000
 156.900 1720.000
 157.000 1630.000
 157.100 1490.000
 157.200 1470.000
 157.300 1530.000
 157.400 1690.000
 157.500 1790.000
 157.600 1770.000
 157.700 1700.000
 157.800 1600.000
 157.900 1500.000
 158.000 1530.000
 158.100 1540.000
 158.200 1660.000
 158.300 1730.000
 158.400 1620.000
 158.500 1540.000
 158.600 1450.000
 158.700 1550.000
 158.800 1670.000
 158.900 1810.000
 159.000 1790.000
 159.100 1740.000
 159.200 1610.000
 159.300 1540.000
 159.400 1550.000
 159.500 1490.000
 159.600 1700.000
 159.700 1720.000
 159.800 1750.000
 159.900 1660.000
 160.000 1620.000
 160.100 1560.000
 160.200 1480.000
 160.300 1560.000
 160.400 1700.000
 160.500 1780.000
 160.600 1760.000
 160.700 1640.000
 160.800 1530.000
 160.900 10650.000
 161.000 19910.000
 161.100 5730.000
 161.200 1700.000
 161.300 1630.000
 161.400 1630.000
 161.500 1640.000
 161.600 1700.000
 161.700 1850.000
 161.800 1910.000
 161.900 1870.000
 162.000 1920.000
 162.100 1990.000
 162.200 1960.000
 162.300 1990.000
 162.400 2100.000
 162.500 2010.000
 162.600 1990.000
 162.700 2050.000
 162.800 1980.000
 162.900 1920.000
 163.000 2050.000
 163.100 2010.000
 163.200 2030.000
 163.300 1980.000
 163.400 1900.000
 163.500 1880.000
 163.600 1850.000
 163.700 1770.000
 163.800 1770.000
 163.900 1780.000
 164.000 1720.000
 164.100 1660.000
 164.200 1740.000
 164.300 1760.000
 164.400 1740.000
 164.500 1810.000
 164.600 1870.000
 164.700 1850.000
 164.800 1900.000
 164.900 1990.000
 165.000 2000.000
 165.100 2000.000
 165.200 2150.000
 165.300 2040.000
 165.400 1940.000
 165.500 1980.000
 165.600 1940.000
 165.700 1880.000
 165.800 1870.000
 165.900 1870.000
 166.000 1780.000
 166.100 1740.000
 166.200 1760.000
 166.300 1700.000
 166.400 1730.000
 166.500 1730.000
 166.600 1780.000
 166.700 1740.000
 166.800 1770.000
 166.900 1860.000
 167.000 1860.000
 167.100 1910.000
 167.200 1990.000
 167.300 1970.000
 167.400 1920.000
 167.500 1860.000
 167.600 2020.000
 167.700 1990.000
 167.800 1980.000
 167.900 1960.000
 168.000 1990.000
 168.100 1970.000
 168.200 1930.000
 168.300 1960.000
 168.400 1940.000
 168.500 1850.000
 168.600 1850.000
 168.700 1890.000
 168.800 1750.000
 168.900 1730.000
 169.000 1780.000
 169.100 1740.000
 169.200 1720.000
 169.300 1820.000
 169.400 1800.000
 169.500 1730.000
 169.600 1800.000
 169.700 1890.000
 169.800 1850.000
 169.900 1900.000
 170.000 2000.000
 170.100 1940.000
 170.200 1960.000
 170.300 2010.000
 170.400 1960.000
 170.500 1900.000
 170.600 1940.000
 170.700 1940.000
 170.800 1850.000
 170.900 1860.000
 171.000 1810.000
 171.100 1770.000
 171.200 1770.000
 171.300 1810.000
 171.400 1770.000
 171.500 1760.000
 171.600 1800.000
 171.700 1800.000
 171.800 1750.000
 171.900 1830.000
 172.000 1820.000
 172.100 1830.000
 172.200 1910.000
 172.300 1740.000
 172.400 1810.000
 172.500 1870.000
 172.600 1850.000
 172.700 1910.000
 172.800 1920.000
 172.900 1930.000
 173.000 1890.000
 173.100 1950.000
 173.200 1910.000
 173.300 1890.000
 173.400 1900.000
 173.500 1930.000
 173.600 1870.000
 173.700 1850.000
 173.800 1820.000
 173.900 1790.000
 174.000 1760.000
 174.100 1810.000
 174.200 1820.000
 174.300 1770.000
 174.400 1790.000
 174.500 1790.000
 174.600 1790.000
 174.700 1800.000
 174.800 1860.000
 174.900 1870.000
 175.000 1870.000
 175.100 1950.000
 175.200 1940.000
 175.300 1880.000
 175.400 1900.000
 175.500 1940.000
 175.600 1880.000
 175.700 1920.000
 175.800 1950.000
 175.900 1860.000
 176.000 1820.000
 176.100 1820.000
 176.200 1810.000
 176.300 1740.000
 176.400 1800.000
 176.500 1840.000
 176.600 1780.000
 176.700 1780.000
 176.800 1850.000
 176.900 1730.000
 177.000 1800.000
 177.100 1770.000
 177.200 1820.000
 177.300 1810.000
 177.400 1750.000
 177.500 1810.000
 177.600 1870.000
 177.700 1840.000
 177.800 1850.000
 177.900 1940.000
 178.000 1890.000
 178.100 1860.000
 178.200 1930.000
 178.300 1880.000
 178.400 1860.000
 178.500 1880.000
 178.600 1950.000
 178.700 1840.000
 178.800 1870.000
 178.900 1860.000
 179.000 1820.000
 179.100 1800.000
 179.200 1860.000
 179.300 1810.000
 179.400 1800.000
 179.500 1790.000
 179.600 1810.000
 179.700 1770.000
 179.800 1790.000
 179.900 1870.000
 180.000 1810.000
 180.100 1850.000
 180.200 1870.000
 180.300 1860.000
 180.400 1800.000
 180.500 1910.000
 180.600 1900.000
 180.700 1860.000
 180.800 1910.000
 180.900 1950.000
 181.000 1850.000
 181.100 1830.000
 181.200 1870.000
 181.300 1880.000
 181.400 1800.000
 181.500 1880.000
 181.600 1840.000
 181.700 1890.000
 181.800 1840.000
 181.900 1820.000
 182.000 1850.000
 182.100 1850.000
 182.200 1780.000
 182.300 1790.000
 182.400 1820.000
 182.500 1750.000
 182.600 1800.000
 182.700 1850.000
 182.800 1800.000
 182.900 1820.000
 183.000 1830.000
 183.100 1870.000
 183.200 1830.000
 183.300 1870.000
 183.400 1880.000
 183.500 1890.000
 183.600 1900.000
 183.700 1900.000
 183.800 1860.000
 183.900 1860.000
 184.000 1930.000
 184.100 1870.000
 184.200 1820.000
 184.300 1850.000
 184.400 1870.000
 184.500 1770.000
 184.600 1790.000
 184.700 1800.000
 184.800 1760.000
 184.900 1760.000
 185.000 1820.000
 185.100 1750.000
 185.200 1760.000
 185.300 1820.000
 185.400 1840.000
 185.500 1790.000
 185.600 1840.000
 185.700 1890.000
 185.800 1830.000
 185.900 1860.000
 186.000 1940.000
 186.100 1870.000
 186.200 1840.000
 186.300 1840.000
 186.400 1870.000
 186.500 1920.000
 186.600 1910.000
 186.700 1860.000
 186.800 1950.000
 186.900 1840.000
 187.000 1830.000
 187.100 1890.000
 187.200 1830.000
 187.300 1760.000
 187.400 1830.000
 187.500 1820.000
 187.600 1750.000
 187.700 1760.000
 187.800 1800.000
 187.900 1750.000
 188.000 1730.000
 188.100 1860.000
 188.200 1840.000
 188.300 1790.000
 188.400 1870.000
 188.500 1900.000
 188.600 1830.000
 188.700 1910.000
 188.800 1950.000
 188.900 1870.000
 189.000 1900.000
 189.100 1950.000
 189.200 1860.000
 189.300 1830.000
 189.400 1830.000
 189.500 1830.000
 189.600 1750.000
 189.700 1830.000
 189.800 1790.000
 189.900 1730.000
 190.000 1720.000
 190.100 1740.000
 190.200 1720.000
 190.300 1750.000
 190.400 1790.000
 190.500 1830.000
 190.600 1830.000
 190.700 1840.000
 190.800 1870.000
 190.900 1830.000
 191.000 20280.000
 191.100 18910.000
 191.200 2950.000
 191.300 1900.000
 191.400 1810.000
 191.500 1910.000
 191.600 2080.000
 191.700 2140.000
 191.800 2090.000
 191.900 2010.000
 192.000 2120.000
 192.100 2190.000
 192.200 2110.000
 192.300 1960.000
 192.400 2090.000
 192.500 2170.000
 192.600 2210.000
 192.700 2010.000
 192.800 1900.000
 192.900 2110.000
 193.000 2280.000
 193.100 2090.000
 193.200 1980.000
 193.300 2040.000
 193.400 2150.000
 193.500 2210.000
 193.600 2100.000
 193.700 1950.000
 193.800 2060.000
 193.900 2250.000
 194.000 2140.000
 194.100 2040.000
 194.200 1990.000
 194.300 2140.000
 194.400 2210.000
 194.500 2130.000
 194.600 1920.000
 194.700 2030.000
 194.800 2210.000
 194.900 2220.000
 195.000 2030.000
 195.100 1960.000
 195.200 2080.000
 195.300 2280.000
 195.400 2280.000
 195.500 2130.000
 195.600 1990.000
 195.700 1950.000
 195.800 2180.000
 195.900 2200.000
 196.000 2080.000
 196.100 1880.000
 196.200 2040.000
 196.300 2210.000
 196.400 2180.000
 196.500 1970.000
 196.600 1910.000
 196.700 2080.000
 196.800 2260.000
 196.900 2110.000
 197.000 1930.000
 197.100 2030.000
 197.200 2210.000
 197.300 2200.000
 197.400 2030.000
 197.500 1910.000
 197.600 2050.000
 197.700 2300.000
 197.800 2140.000
 197.900 1970.000
 198.000 1960.000
 198.100 2170.000
 198.200 2250.000
 198.300 2110.000
 198.400 1880.000
 198.500 2000.000
 198.600 2260.000
 198.700 2180.000
 198.800 1990.000
 198.900 1910.000
 199.000 2120.000
 199.100 2250.000
 199.200 2120.000
 199.300 1870.000
 199.400 1990.000
 199.500 2210.000
 199.600 2240.000
 199.700 1980.000
 199.800 1890.000
 199.900 2040.000
 200.000 2270.000
 200.100 2250.000
 200.200 2130.000
 200.300 1940.000
 200.400 1890.000
 200.500 2180.000
 200.600 2300.000
 200.700 2100.000
 200.800 1850.000
 200.900 2030.000
 201.000 2270.000
 201.100 2190.000
 201.200 1970.000
 201.300 1890.000
 201.400 2090.000
 201.500 2310.000
 201.600 2140.000
 201.700 1920.000
 201.800 1940.000
 201.900 2200.000
 202.000 2280.000
 202.100 2060.000
 202.200 1880.000
 202.300 2030.000
 202.400 2280.000
 202.500 2150.000
 202.600 1950.000
 202.700 1880.000
 202.800 2180.000
 202.900 2250.000
 203.000 2080.000
 203.100 1830.000
 203.200 1990.000
 203.300 2240.000
 203.400 2230.000
 203.500 1910.000
 203.600 1900.000
 203.700 2080.000
 203.800 2310.000
 203.900 2110.000
 204.000 1930.000
 204.100 1890.000
 204.200 2250.000
 204.300 2260.000
 204.400 2020.000
 204.500 1870.000
 204.600 2080.000
 204.700 2280.000
 204.800 2260.000
 204.900 2220.000
 205.000 1930.000
 205.100 1900.000
 205.200 2150.000
 205.300 2290.000
 205.400 2060.000
 205.500 1880.000
 205.600 1970.000
 205.700 2250.000
 205.800 2240.000
 205.900 1960.000
 206.000 1870.000
 206.100 2110.000
 206.200 2270.000
 206.300 2170.000
 206.400 1880.000
 206.500 1900.000
 206.600 2160.000
 206.700 2280.000
 206.800 2000.000
 206.900 1890.000
 207.000 2000.000
 207.100 2260.000
 207.200 2160.000
 207.300 1920.000
 207.400 1860.000
 207.500 2150.000
 207.600 2240.000
 207.700 2090.000
 207.800 1890.000
 207.900 1960.000
 208.000 2250.000
 208.100 2240.000
 208.200 1950.000
 208.300 1840.000
 208.400 2120.000
 208.500 2280.000
 208.600 2140.000
 208.700 1850.000
 208.800 1910.000
 208.900 2190.000
 209.000 2290.000
 209.100 2010.000
 209.200 1860.000
 209.300 2100.000
 209.400 2020.000
 209.500 2290.000
 209.600 2210.000
 209.700 1860.000
 209.800 1840.000
 209.900 2140.000
 210.000 2280.000
 210.100 2070.000
 210.200 1850.000
 210.300 1940.000
 210.400 2240.000
 210.500 2260.000
 210.600 1960.000
 210.700 1830.000
 210.800 2120.000
 210.900 2300.000
 211.000 2110.000
 211.100 1850.000
 211.200 1890.000
 211.300 2180.000
 211.400 2290.000
 211.500 1990.000
 211.600 1850.000
 211.700 2000.000
 211.800 2270.000
 211.900 2190.000
 212.000 1940.000
 212.100 1850.000
 212.200 2140.000
 212.300 2320.000
 212.400 2060.000
 212.500 1880.000
 212.600 1980.000
 212.700 2290.000
 212.800 2200.000
 212.900 1970.000
 213.000 1820.000
 213.100 2150.000
 213.200 2290.000
 213.300 2140.000
 213.400 1860.000
 213.500 1890.000
 213.600 2220.000
 213.700 2320.000
 213.800 1970.000
 213.900 1980.000
 214.000 1860.000
 214.100 1990.000
 214.200 2260.000
 214.300 2210.000
 214.400 1940.000
 214.500 1820.000
 214.600 2120.000
 214.700 2250.000
 214.800 2050.000
 214.900 1840.000
 215.000 1950.000
 215.100 2180.000
 215.200 2230.000
 215.300 1930.000
 215.400 1830.000
 215.500 2100.000
 215.600 2270.000
 215.700 2130.000
 215.800 1880.000
 215.900 1930.000
 216.000 2190.000
 216.100 2270.000
 216.200 1960.000
 216.300 1850.000
 216.400 2030.000
 216.500 2290.000
 216.600 2160.000
 216.700 1950.000
 216.800 1820.000
 216.900 2150.000
 217.000 2280.000
 217.100 2090.000
 217.200 1870.000
 217.300 2020.000
 217.400 2220.000
 217.500 2240.000
 217.600 1930.000
 217.700 1840.000
 217.800 2090.000
 217.900 2290.000
 218.000 2110.000
 218.100 1880.000
 218.200 1930.000
 218.300 2190.000
 218.400 2160.000
 218.500 2280.000
 218.600 2010.000
 218.700 1820.000
 218.800 2000.000
 218.900 2220.000
 219.000 2130.000
 219.100 1920.000
 219.200 1850.000
 219.300 2120.000
 219.400 2270.000
 219.500 2070.000
 219.600 1840.000
 219.700 1980.000
 219.800 2170.000
 219.900 2230.000
 220.000 1970.000
 220.100 1870.000
 220.200 2040.000
 220.300 2260.000
 220.400 2100.000
 220.500 1860.000
 220.600 1930.000
 220.700 2160.000
 220.800 2240.000
 220.900 1990.000
 221.000 -16230.00
 221.100    0.000
 221.200  850.000
 221.300 2030.000
 221.400 1910.000
 221.500 1840.000
 221.600 1870.000
 221.700 1940.000
 221.800 1920.000
 221.900 2000.000
 222.000 1990.000
 222.100 1950.000
 222.200 1900.000
 222.300 1960.000
 222.400 1830.000
 222.500 1800.000
 222.600 1770.000
 222.700 1750.000
 222.800 1950.000
 222.900 1790.000
 223.000 1790.000
 223.100 1820.000
 223.200 1740.000
 223.300 1670.000
 223.400 1710.000
 223.500 1670.000
 223.600 1630.000
 223.700 1660.000
 223.800 1690.000
 223.900 1680.000
 224.000 1730.000
 224.100 1770.000
 224.200 1800.000
 224.300 1820.000
 224.400 1880.000
 224.500 1960.000
 224.600 1920.000
 224.700 1950.000
 224.800 1960.000
 224.900 1930.000
 225.000 1890.000
 225.100 1930.000
 225.200 1840.000
 225.300 1790.000
 225.400 1780.000
 225.500 1740.000
 225.600 1700.000
 225.700 1680.000
 225.800 1680.000
 225.900 1680.000
 226.000 1690.000
 226.100 1740.000
 226.200 1720.000
 226.300 1730.000
 226.400 1810.000
 226.500 1810.000
 226.600 1840.000
 226.700 1890.000
 226.800 1950.000
 226.900 1930.000
 227.000 1800.000
 227.100 1850.000
 227.200 1930.000
 227.300 1890.000
 227.400 1910.000
 227.500 1970.000
 227.600 1950.000
 227.700 1880.000
 227.800 1910.000
 227.900 1890.000
 228.000 1810.000
 228.100 1810.000
 228.200 1770.000
 228.300 1720.000
 228.400 1690.000
 228.500 1550.000
 228.600 1710.000
 228.700 1690.000
 228.800 1770.000
 228.900 1730.000
 229.000 1800.000
 229.100 1760.000
 229.200 1830.000
 229.300 1780.000
 229.400 1880.000
 229.500 1910.000
 229.600 1910.000
 229.700 1920.000
 229.800 1970.000
 229.900 1860.000
 230.000 1880.000
 230.100 1900.000
 230.200 1840.000
 230.300 1820.000
 230.400 1830.000
 230.500 1710.000
 230.600 1690.000
 230.700 1720.000
 230.800 1700.000
 230.900 1680.000
 231.000 1660.000
 231.100 1760.000
 231.200 1690.000
 231.300 1710.000
 231.400 1680.000
 231.500 1750.000
 231.600 1760.000
 231.700 1680.000
 231.800 1740.000
 231.900 1790.000
 232.000 1800.000
 232.100 1820.000
 232.200 1900.000
 232.300 1890.000
 232.400 1870.000
 232.500 1900.000
 232.600 1900.000
 232.700 1850.000
 232.800 1880.000
 232.900 1900.000
 233.000 1820.000
 233.100 1790.000
 233.200 1770.000
 233.300 1720.000
 233.400 1690.000
 233.500 1770.000
 233.600 1760.000
 233.700 1700.000
 233.800 1760.000
 233.900 1780.000
 234.000 1690.000
 234.100 1730.000
 234.200 1800.000
 234.300 1810.000
 234.400 1860.000
 234.500 1890.000
 234.600 1880.000
 234.700 1840.000
 234.800 1850.000
 234.900 1900.000
 235.000 1840.000
 235.100 1860.000
 235.200 1890.000
 235.300 1850.000
 235.400 1780.000
 235.500 1760.000
 235.600 1900.000
 235.700 1890.000
 235.800 1790.000
 235.900 1760.000
 236.000 1780.000
 236.100 1740.000
 236.200 1730.000
 236.300 1810.000
 236.400 1730.000
 236.500 1720.000
 236.600 1760.000
 236.700 1770.000
 236.800 1700.000
 236.900 1750.000
 237.000 1830.000
 237.100 1830.000
 237.200 1780.000
 237.300 1930.000
 237.400 1810.000
 237.500 1810.000
 237.600 1880.000
 237.700 1910.000
 237.800 1800.000
 237.900 1900.000
 238.000 1890.000
 238.100 1760.000
 238.200 1820.000
 238.300 1800.000
 238.400 1760.000
 238.500 1730.000
 238.600 1840.000
 238.700 1780.000
 238.800 1740.000
 238.900 1780.000
 239.000 1780.000
 239.100 1720.000
 239.200 1760.000
 239.300 1850.000
 239.400 1790.000
 239.500 1790.000
 239.600 1910.000
 239.700 1840.000
 239.800 1830.000
 239.900 1790.000
 240.000 1850.000
 240.100 1820.000
 240.200 1830.000
 240.300 1780.000
 240.400 1880.000
 240.500 1860.000
 240.600 1890.000
 240.700 1850.000
 240.800 1860.000
 240.900 1830.000
 241.000 1830.000
 241.100 1830.000
 241.200 1780.000
 241.300 1780.000
 241.400 1830.000
 241.500 1770.000
 241.600 1740.000
 241.700 1790.000
 241.800 1730.000
 241.900 1710.000
 242.000 1800.000
 242.100 1810.000
 242.200 1760.000
 242.300 1810.000
 242.400 1770.000
 242.500 1810.000
 242.600 1830.000
 242.700 1840.000
 242.800 1840.000
 242.900 1850.000
 243.000 1890.000
 243.100 1880.000
 243.200 1830.000
 243.300 1820.000
 243.400 1830.000
 243.500 1790.000
 243.600 1800.000
 243.700 1820.000
 243.800 1760.000
 243.900 1740.000
 244.000 1780.000
 244.100 1790.000
 244.200 1740.000
 244.300 1750.000
 244.400 1750.000
 244.500 1780.000
 244.600 1770.000
 244.700 1720.000
 244.800 1750.000
 244.900 1820.000
 245.000 1720.000
 245.100 1740.000
 245.200 1840.000
 245.300 1810.000
 245.400 1810.000
 245.500 1870.000
 245.600 1840.000
 245.700 1820.000
 245.800 1930.000
 245.900 1900.000
 246.000 1830.000
 246.100 1870.000
 246.200 1890.000
 246.300 1830.000
 246.400 1820.000
 246.500 1850.000
 246.600 1790.000
 246.700 1730.000
 246.800 1800.000
 246.900 1780.000
 247.000 1720.000
 247.100 1710.000
 247.200 1750.000
 247.300 1700.000
 247.400 1820.000
 247.500 1820.000
 247.600 1760.000
 247.700 1800.000
 247.800 1900.000
 247.900 1840.000
 248.000 1800.000
 248.100 1880.000
 248.200 1860.000
 248.300 1860.000
 248.400 1910.000
 248.500 1910.000
 248.600 1820.000
 248.700 1810.000
 248.800 1830.000
 248.900 1770.000
 249.000 1760.000
 249.100 1840.000
 249.200 1800.000
 249.300 1790.000
 249.400 1790.000
 249.500 1770.000
 249.600 1830.000
 249.700 1720.000
 249.800 1720.000
 249.900 1720.000
 250.000 1720.000
 250.100 1700.000
 250.200 1730.000
 250.300 1810.000
 250.400 1780.000
 250.500 1800.000
 250.600 1860.000
 250.700 1870.000
 250.800 1840.000
 250.900 1890.000
 251.000 -12540.00
 251.100 -260.000
 251.200  950.000
 251.300 1830.000
 251.400 1560.000
 251.500 1600.000
 251.600 1610.000
 251.700 1620.000
 251.800 1630.000
 251.900 1610.000
 252.000 1620.000
 252.100 1510.000
 252.200 1470.000
 252.300 1550.000
 252.400 1540.000
 252.500 1680.000
 252.600 1690.000
 252.700 1650.000
 252.800 1490.000
 252.900 1490.000
 253.000 1470.000
 253.100 1560.000
 253.200 1590.000
 253.300 1680.000
 253.400 1610.000
 253.500 1580.000
 253.600 1530.000
 253.700 1490.000
 253.800 1560.000
 253.900 1750.000
 254.000 1720.000
 254.100 1600.000
 254.200 1600.000
 254.300 1520.000
 254.400 1500.000
 254.500 1560.000
 254.600 1550.000
 254.700 1700.000
 254.800 1620.000
 254.900 1620.000
 255.000 1530.000
 255.100 1500.000
 255.200 1570.000
 255.300 1560.000
 255.400 1590.000
 255.500 1720.000
 255.600 1640.000
 255.700 1570.000
 255.800 1480.000
 255.900 1470.000
 256.000 1510.000
 256.100 1610.000
 256.200 1720.000
 256.300 1720.000
 256.400 1640.000
 256.500 1570.000
 256.600 1440.000
 256.700 1500.000
 256.800 1600.000
 256.900 1620.000
 257.000 1730.000
 257.100 1640.000
 257.200 1590.000
 257.300 1540.000
 257.400 1500.000
 257.500 1550.000
 257.600 1530.000
 257.700 1650.000
 257.800 1720.000
 257.900 1660.000
 258.000 1610.000
 258.100 1480.000
 258.200 1460.000
 258.300 1480.000
 258.400 1730.000
 258.500 1660.000
 258.600 1550.000
 258.700 1560.000
 258.800 1470.000
 258.900 1530.000
 259.000 1560.000
 259.100 1640.000
 259.200 1710.000
 259.300 1670.000
 259.400 1590.000
 259.500 1510.000
 259.600 1470.000
 259.700 1540.000
 259.800 1580.000
 259.900 1640.000
 260.000 1770.000
 260.100 1630.000
 260.200 1620.000
 260.300 1470.000
 260.400 1440.000
 260.500 1580.000
 260.600 1620.000
 260.700 1700.000
 260.800 1670.000
 260.900 1600.000
 261.000 1530.000
 261.100 1470.000
 261.200 1510.000
 261.300 1600.000
 261.400 1630.000
 261.500 1720.000
 261.600 1610.000
 261.700 1580.000
 261.800 1490.000
 261.900 1440.000
 262.000 1490.000
 262.100 1570.000
 262.200 1700.000
 262.300 1740.000
 262.400 1590.000
 262.500 1570.000
 262.600 1480.000
 262.700 1480.000
 262.800 1570.000
 262.900 1580.000
 263.000 1700.000
 263.100 1600.000
 263.200 1500.000
 263.300 1420.000
 263.400 1490.000
 263.500 1570.000
 263.600 1700.000
 263.700 1790.000
 263.800 1660.000
 263.900 1550.000
 264.000 1470.000
 264.100 1480.000
 264.200 1570.000
 264.300 1550.000
 264.400 1660.000
 264.500 1720.000
 264.600 1600.000
 264.700 1540.000
 264.800 1470.000
 264.900 1460.000
 265.000 1570.000
 265.100 1660.000
 265.200 1730.000
 265.300 1740.000
 265.400 1590.000
 265.500 1460.000
 265.600 1410.000
 265.700 1460.000
 265.800 1600.000
 265.900 1710.000
 266.000 1730.000
 266.100 1660.000
 266.200 1540.000
 266.300 1470.000
 266.400 1470.000
 266.500 1570.000
 266.600 1630.000
 266.700 1710.000
 266.800 1660.000
 266.900 1630.000
 267.000 1510.000
 267.100 1480.000
 267.200 1490.000
 267.300 1550.000
 267.400 1630.000
 267.500 1660.000
 267.600 1560.000
 267.700 1490.000
 267.800 1470.000
 267.900 1560.000
 268.000 1650.000
 268.100 1670.000
 268.200 1700.000
 268.300 1610.000
 268.400 1510.000
 268.500 1410.000
 268.600 1470.000
 268.700 1590.000
 268.800 1660.000
 268.900 1710.000
 269.000 1770.000
 269.100 1600.000
 269.200 1490.000
 269.300 1420.000
 269.400 1470.000
 269.500 1610.000
 269.600 1690.000
 269.700 1720.000
 269.800 1680.000
 269.900 1580.000
 270.000 1470.000
 270.100 1470.000
 270.200 1530.000
 270.300 1640.000
 270.400 1700.000
 270.500 1720.000
 270.600 1650.000
 270.700 1520.000
 270.800 1440.000
 270.900 1460.000
 271.000 1550.000
 271.100 1720.000
 271.200 1750.000
 271.300 1740.000
 271.400 1600.000
 271.500 1440.000
 271.600 1420.000
 271.700 1490.000
 271.800 1570.000
 271.900 1660.000
 272.000 1710.000
 272.100 1690.000
 272.200 1440.000
 272.300 1430.000
 272.400 1540.000
 272.500 1690.000
 272.600 1760.000
 272.700 1720.000
 272.800 1590.000
 272.900 1450.000
 273.000 1430.000
 273.100 1460.000
 273.200 1580.000
 273.300 1680.000
 273.400 1690.000
 273.500 1660.000
 273.600 1580.000
 273.700 1480.000
 273.800 1480.000
 273.900 1520.000
 274.000 1610.000
 274.100 1690.000
 274.200 1720.000
 274.300 1690.000
 274.400 1520.000
 274.500 1440.000
 274.600 1430.000
 274.700 1510.000
 274.800 1720.000
 274.900 1790.000
 275.000 1760.000
 275.100 1590.000
 275.200 1470.000
 275.300 1480.000
 275.400 1490.000
 275.500 1570.000
 275.600 1680.000
 275.700 1650.000
 275.800 1680.000
 275.900 1560.000
 276.000 1440.000
 276.100 1520.000
 276.200 1510.000
 276.300 1600.000
 276.400 1700.000
 276.500 1730.000
 276.600 1670.000
 276.700 1500.000
 276.800 1360.000
 276.900 1570.000
 277.000 1730.000
 277.100 1690.000
 277.200 1710.000
 277.300 1530.000
 277.400 1480.000
 277.500 1500.000
 277.600 1510.000
 277.700 1620.000
 277.800 1740.000
 277.900 1710.000
 278.000 1700.000
 278.100 1510.000
 278.200 1430.000
 278.300 1460.000
 278.400 1510.000
 278.500 1690.000
 278.600 1740.000
 278.700 1710.000
 278.800 1720.000
 278.900 1470.000
 279.000 1460.000
 279.100 1460.000
 279.200 1550.000
 279.300 1710.000
 279.400 1670.000
 279.500 1670.000
 279.600 1570.000
 279.700 1430.000
 279.800 1450.000
 279.900 1450.000
 280.000 1620.000
 280.100 1760.000
 280.200 1710.000
 280.300 1680.000
 280.400 1500.000
 280.500 1420.000
 280.600 1480.000
 280.700 1530.000
 280.800 1670.000
 280.900 1740.000
 281.000 -8920.000
 281.100  630.000
 281.200 1580.000
 281.300 1710.000
 281.400 1580.000
 281.500 1360.000
 281.600 1440.000
 281.700 1360.000
 281.800 1320.000
 281.900 1470.000
 282.000 1420.000
 282.100 1310.000
 282.200 1470.000
 282.300 1500.000
 282.400 1250.000
 282.500 1350.000
 282.600 1470.000
 282.700 1350.000
 282.800 1320.000
 282.900 1500.000
 283.000 1420.000
 283.100 1330.000
 283.200 1480.000
 283.300 1490.000
 283.400 1300.000
 283.500 1340.000
 283.600 1480.000
 283.700 1380.000
 283.800 1330.000
 283.900 1430.000
 284.000 1440.000
 284.100 1360.000
 284.200 1440.000
 284.300 1460.000
 284.400 1320.000
 284.500 1390.000
 284.600 1490.000
 284.700 1310.000
 284.800 1340.000
 284.900 1510.000
 285.000 1330.000
 285.100 1300.000
 285.200 1540.000
 285.300 1420.000
 285.400 1270.000
 285.500 1480.000
 285.600 1500.000
 285.700 1270.000
 285.800 1360.000
 285.900 1460.000
 286.000 1330.000
 286.100 1420.000
 286.200 1430.000
 286.300 1280.000
 286.400 1330.000
 286.500 1480.000
 286.600 1310.000
 286.700 1290.000
 286.800 1540.000
 286.900 1450.000
 287.000 1320.000
 287.100 1420.000
 287.200 1480.000
 287.300 1290.000
 287.400 1320.000
 287.500 1470.000
 287.600 1350.000
 287.700 1360.000
 287.800 1500.000
 287.900 1450.000
 288.000 1280.000
 288.100 1460.000
 288.200 1450.000
 288.300 1320.000
 288.400 1400.000
 288.500 1490.000
 288.600 1280.000
 288.700 1420.000
 288.800 1490.000
 288.900 1320.000
 289.000 1300.000
 289.100 1460.000
 289.200 1430.000
 289.300 1330.000
 289.400 1430.000
 289.500 1440.000
 289.600 1320.000
 289.700 1330.000
 289.800 1440.000
 289.900 1320.000
 290.000 1340.000
 290.100 1470.000
 290.200 1350.000
 290.300 1330.000
 290.400 1540.000
 290.500 1400.000
 290.600 1280.000
 290.700 1470.000
 290.800 1420.000
 290.900 1320.000
 291.000 1420.000
 291.100 1450.000
 291.200 1290.000
 291.300 1430.000
 291.400 1470.000
 291.500 1330.000
 291.600 1310.000
 291.700 1480.000
 291.800 1330.000
 291.900 1330.000
 292.000 1470.000
 292.100 1450.000
 292.200 1310.000
 292.300 1410.000
 292.400 1470.000
 292.500 1280.000
 292.600 1360.000
 292.700 1450.000
 292.800 1330.000
 292.900 1340.000
 293.000 1460.000
 293.100 1450.000
 293.200 1360.000
 293.300 1430.000
 293.400 1470.000
 293.500 1310.000
 293.600 1350.000
 293.700 1480.000
 293.800 1330.000
 293.900 1300.000
 294.000 1510.000
 294.100 1410.000
 294.200 1360.000
 294.300 1500.000
 294.400 1390.000
 294.500 1310.000
 294.600 1440.000
 294.700 1470.000
 294.800 1360.000
 294.900 1430.000
 295.000 1430.000
 295.100 1350.000
 295.200 1370.000
 295.300 1450.000
 295.400 1370.000
 295.500 1320.000
 295.600 1460.000
 295.700 1360.000
 295.800 1370.000
 295.900 1500.000
 296.000 1430.000
 296.100 1290.000
 296.200 1410.000
 296.300 1470.000
 296.400 1300.000
 296.500 1350.000
 296.600 1500.000
 296.700 1390.000
 296.800 1330.000
 296.900 1450.000
 297.000 1420.000
 297.100 1380.000
 297.200 1420.000
 297.300 1470.000
 297.400 1320.000
 297.500 1430.000
 297.600 1440.000
 297.700 1400.000
 297.800 1330.000
 297.900 1460.000
 298.000 1350.000
 298.100 1340.000
 298.200 1490.000
 298.300 1420.000
 298.400 1270.000
 298.500 1390.000
 298.600 1500.000
 298.700 1330.000
 298.800 1340.000
 298.900 1460.000
 299.000 1380.000
 299.100 1360.000
 299.200 1460.000
 299.300 1370.000
 299.400 1370.000
 299.500 1490.000
 299.600 1350.000
 299.700 1310.000
 299.800 1440.000
 299.900 1450.000
 300.000 1270.000
 300.100 1380.000
 300.200 1450.000
 300.300 1350.000
 300.400 1360.000
 300.500 1460.000
 300.600 1360.000
 300.700 1340.000
 300.800 1460.000
 300.900 1430.000
 301.000 1310.000
 301.100 1440.000
 301.200 1440.000
 301.300 1310.000
 301.400 1420.000
 301.500 1520.000
 301.600 1340.000
 301.700 1380.000
 301.800 1430.000
 301.900 1360.000
 302.000 1310.000
 302.100 1450.000
 302.200 1420.000
 302.300 1330.000
 302.400 1400.000
 302.500 1460.000
 302.600 1400.000
 302.700 1370.000
 302.800 1420.000
 302.900 1390.000
 303.000 1330.000
 303.100 1420.000
 303.200 1440.000
 303.300 1320.000
 303.400 1360.000
 303.500 1470.000
 303.600 1280.000
 303.700 1420.000
 303.800 1420.000
 303.900 1340.000
 304.000 1420.000
 304.100 1450.000
 304.200 1350.000
 304.300 1390.000
 304.400 1480.000
 304.500 1380.000
 304.600 1340.000
 304.700 1400.000
 304.800 1380.000
 304.900 1360.000
 305.000 1410.000
 305.100 1390.000
 305.200 1350.000
 305.300 1440.000
 305.400 1490.000
 305.500 1360.000
 305.600 1340.000
 305.700 1450.000
 305.800 1390.000
 305.900 1320.000
 306.000 1410.000
 306.100 1420.000
 306.200 1340.000
 306.300 1370.000
 306.400 1470.000
 306.500 1370.000
 306.600 1340.000
 306.700 1480.000
 306.800 1390.000
 306.900 1350.000
 307.000 1410.000
 307.100 1400.000
 307.200 1370.000
 307.300 1410.000
 307.400 1410.000
 307.500 1370.000
 307.600 1440.000
 307.700 1480.000
 307.800 1340.000
 307.900 1370.000
 308.000 1450.000
 308.100 1400.000
 308.200 1390.000
 308.300 1490.000
 308.400 1410.000
 308.500 1390.000
 308.600 1380.000
 308.700 1380.000
 308.800 1340.000
 308.900 1410.000
 309.000 1430.000
 309.100 1350.000
 309.200 1390.000
 309.300 1480.000
 309.400 1370.000
 309.500 1340.000
 309.600 1430.000
 309.700 1380.000
 309.800 1290.000
 309.900 1440.000
 310.000 1350.000
 310.100 1300.000
 310.200 1460.000
 310.300 1510.000
 310.400 1330.000
 310.500 1370.000
 310.600 1460.000
 310.700 1360.000
 310.800 1350.000
 310.900 1470.000
 311.000 -4230.000
 311.100 -2690.000
 311.200 1560.000
 311.300 1350.000
 311.400 1390.000
 311.500 1160.000
 311.600 1280.000
 311.700 1190.000
 311.800 1220.000
 311.900 1220.000
 312.000 1220.000
 312.100 1160.000
 312.200 1250.000
 312.300 1160.000
 312.400 1240.000
 312.500 1220.000
 312.600 1210.000
 312.700 1220.000
 312.800 1240.000
 312.900 1230.000
 313.000 1170.000
 313.100 1230.000
 313.200 1210.000
 313.300 1160.000
 313.400 1250.000
 313.500 1210.000
 313.600 1170.000
 313.700 1310.000
 313.800 1160.000
 313.900 1270.000
 314.000 1210.000
 314.100 1220.000
 314.200 1160.000
 314.300 1290.000
 314.400 1160.000
 314.500 1270.000
 314.600 1220.000
 314.700 1180.000
 314.800 1200.000
 314.900 1240.000
 315.000 1170.000
 315.100 1270.000
 315.200 1170.000
 315.300 1200.000
 315.400 1210.000
 315.500 1230.000
 315.600 1160.000
 315.700 1250.000
 315.800 1200.000
 315.900 1190.000
 316.000 1260.000
 316.100 1190.000
 316.200 1260.000
 316.300 1260.000
 316.400 1180.000
 316.500 1230.000
 316.600 1280.000
 316.700 1160.000
 316.800 1240.000
 316.900 1260.000
 317.000 1220.000
 317.100 1140.000
 317.200 1270.000
 317.300 1230.000
 317.400 1200.000
 317.500 1260.000
 317.600 1180.000
 317.700 1150.000
 317.800 1290.000
 317.900 1160.000
 318.000 1230.000
 318.100 1220.000
 318.200 1240.000
 318.300 1190.000
 318.400 1280.000
 318.500 1170.000
 318.600 1220.000
 318.700 1240.000
 318.800 1180.000
 318.900 1260.000
 319.000 1140.000
 319.100 1210.000
 319.200 1260.000
 319.300 1220.000
 319.400 1180.000
 319.500 1260.000
 319.600 1190.000
 319.700 1170.000
 319.800 1260.000
 319.900 1170.000
 320.000 1200.000
 320.100 1250.000
 320.200 1200.000
 320.300 1230.000
 320.400 1250.000
 320.500 1180.000
 320.600 1230.000
 320.700 1200.000
 320.800 1190.000
 320.900 1200.000
 321.000 1250.000
 321.100 1150.000
 321.200 1310.000
 321.300 1170.000
 321.400 1230.000
 321.500 1230.000
 321.600 1270.000
 321.700 1200.000
 321.800 1240.000
 321.900 1240.000
 322.000 1180.000
 322.100 1220.000
 322.200 1250.000
 322.300 1160.000
 322.400 1240.000
 322.500 1260.000
 322.600 1180.000
 322.700 1220.000
 322.800 1250.000
 322.900 1150.000
 323.000 1270.000
 323.100 1180.000
 323.200 1180.000
 323.300 1250.000
 323.400 1200.000
 323.500 1200.000
 323.600 1280.000
 323.700 1230.000
 323.800 1200.000
 323.900 1300.000
 324.000 1170.000
 324.100 1220.000
 324.200 1270.000
 324.300 1150.000
 324.400 1220.000
 324.500 1270.000
 324.600 1180.000
 324.700 1230.000
 324.800 1220.000
 324.900 1190.000
 325.000 1220.000
 325.100 1230.000
 325.200 1160.000
 325.300 1200.000
 325.400 1190.000
 325.500 1210.000
 325.600 1240.000
 325.700 1210.000
 325.800 1180.000
 325.900 1240.000
 326.000 1240.000
 326.100 1190.000
 326.200 1230.000
 326.300 1220.000
 326.400 1210.000
 326.500 1230.000
 326.600 1220.000
 326.700 1160.000
 326.800 1280.000
 326.900 1210.000
 327.000 1160.000
 327.100 1250.000
 327.200 1230.000
 327.300 1200.000
 327.400 1240.000
 327.500 1190.000
 327.600 1140.000
 327.700 1260.000
 327.800 1210.000
 327.900 1190.000
 328.000 1270.000
 328.100 1160.000
 328.200 1220.000
 328.300 1210.000
 328.400 1190.000
 328.500 1220.000
 328.600 1210.000
 328.700 1180.000
 328.800 1250.000
 328.900 1230.000
 329.000 1180.000
 329.100 1220.000
 329.200 1180.000
 329.300 1180.000
 329.400 1300.000
 329.500 1190.000
 329.600 1190.000
 329.700 1230.000
 329.800 1190.000
 329.900 1230.000
 330.000 1240.000
 330.100 1200.000
 330.200 1180.000
 330.300 1250.000
 330.400 1220.000
 330.500 1200.000
 330.600 1210.000
 330.700 1260.000
 330.800 1180.000
 330.900 1220.000
 331.000 1200.000
 331.100 1210.000
 331.200 1230.000
 331.300 1220.000
 331.400 1230.000
 331.500 1240.000
 331.600 1230.000
 331.700 1230.000
 331.800 1230.000
 331.900 1170.000
 332.000 1260.000
 332.100 1240.000
 332.200 1190.000
 332.300 1230.000
 332.400 1220.000
 332.500 1200.000
 332.600 1260.000
 332.700 1210.000
 332.800 1210.000
 332.900 1260.000
 333.000 1240.000
 333.100 1180.000
 333.200 1250.000
 333.300 1190.000
 333.400 1210.000
 333.500 1200.000
 333.600 1210.000
 333.700 1220.000
 333.800 1240.000
 333.900 1180.000
 334.000 1190.000
 334.100 1220.000
 334.200 1200.000
 334.300 1250.000
 334.400 1220.000
 334.500 1190.000
 334.600 1200.000
 334.700 1270.000
 334.800 1210.000
 334.900 1240.000
 335.000 1230.000
 335.100 1200.000
 335.200 1190.000
 335.300 1260.000
 335.400 1180.000
 335.500 1280.000
 335.600 1230.000
 335.700 1190.000
 335.800 1230.000
 335.900 1250.000
 336.000 1180.000
 336.100 1240.000
 336.200 1190.000
 336.300 1200.000
 336.400 1240.000
 336.500 1220.000
 336.600 1190.000
 336.700 1250.000
 336.800 1220.000
 336.900 1200.000
 337.000 1250.000
 337.100 1230.000
 337.200 1190.000
 337.300 1240.000
 337.400 1210.000
 337.500 1250.000
 337.600 1230.000
 337.700 1200.000
 337.800 1250.000
 337.900 1210.000
 338.000 1240.000
 338.100 1230.000
 338.200 1160.000
 338.300 1200.000
 338.400 1230.000
 338.500 1250.000
 338.600 1240.000
 338.700 1240.000
 338.800 1180.000
 338.900 1180.000
 339.000 1230.000
 339.100 1210.000
 339.200 1220.000
 339.300 1210.000
 339.400 1240.000
 339.500 1190.000
 339.600 1260.000
 339.700 1230.000
 339.800 1180.000
 339.900 1220.000
 340.000 1210.000
 340.100 1200.000
 340.200 1260.000
 340.300 1200.000
 340.400 1210.000
 340.500 1250.000
 340.600 1200.000
 340.700 1200.000
 340.800 1230.000
 340.900 1190.000
 341.000  850.000
 341.100 -5720.000
 341.200  890.000
 341.300 1260.000
 341.400 1150.000
 341.500 1110.000
 341.600 1200.000
 341.700 1050.000
 341.800 1100.000
 341.900 1090.000
 342.000 1080.000
 342.100 1090.000
 342.200 1060.000
 342.300 1090.000
 342.400 1070.000
 342.500 1130.000
 342.600 1110.000
 342.700 1110.000
 342.800 1110.000
 342.900 1050.000
 343.000 1080.000
 343.100 1060.000
 343.200 1070.000
 343.300 1080.000
 343.400 1060.000
 343.500 1110.000
 343.600 1070.000
 343.700 1080.000
 343.800 1090.000
 343.900 1100.000
 344.000 1070.000
 344.100 1070.000
 344.200 1120.000
 344.300 1050.000
 344.400 1100.000
 344.500 1140.000
 344.600 1110.000
 344.700 1110.000
 344.800 1080.000
 344.900 1090.000
 345.000 1060.000
 345.100 1090.000
 345.200 1070.000
 345.300 1060.000
 345.400 1140.000
 345.500 1120.000
 345.600 1080.000
 345.700 1070.000
 345.800 1060.000
 345.900 1060.000
 346.000 1100.000
 346.100 1100.000
 346.200 1100.000
 346.300 1110.000
 346.400 1090.000
 346.500 1100.000
 346.600 1050.000
 346.700 1080.000
 346.800 1090.000
 346.900 1130.000
 347.000 1110.000
 347.100 1100.000
 347.200 1130.000
 347.300 1070.000
 347.400 1120.000
 347.500 1100.000
 347.600 1110.000
 347.700 1060.000
 347.800 1070.000
 347.900 1070.000
 348.000 1100.000
 348.100 1120.000
 348.200 1120.000
 348.300 1110.000
 348.400 1080.000
 348.500 1080.000
 348.600 1060.000
 348.700 1090.000
 348.800 1080.000
 348.900 1120.000
 349.000 1090.000
 349.100 1110.000
 349.200 1080.000
 349.300 1060.000
 349.400 1130.000
 349.500 1080.000
 349.600 1090.000
 349.700 1100.000
 349.800 1090.000
 349.900 1040.000
 350.000 1130.000
 350.100 1160.000
 350.200 1070.000
 350.300 1120.000
 350.400 1130.000
 350.500 1080.000
 350.600 1090.000
 350.700 1060.000
 350.800 1060.000
 350.900 1090.000
 351.000 1090.000
 351.100 1090.000
 351.200 1140.000
 351.300 1090.000
 351.400 1070.000
 351.500 1080.000
 351.600 1050.000
 351.700 1080.000
 351.800 1090.000
 351.900 1060.000
 352.000 1090.000
 352.100 1080.000
 352.200 1110.000
 352.300 1100.000
 352.400 1120.000
 352.500 1070.000
 352.600 1090.000
 352.700 1090.000
 352.800 1040.000
 352.900 1120.000
 353.000 1120.000
 353.100 1090.000
 353.200 1110.000
 353.300 1070.000
 353.400 1090.000
 353.500 1040.000
 353.600 1090.000
 353.700 1060.000
 353.800 1090.000
 353.900 1100.000
 354.000 1080.000
 354.100 1130.000
 354.200 1090.000
 354.300 1080.000
 354.400 1080.000
 354.500 1100.000
 354.600 1060.000
 354.700 1110.000
 354.800 1110.000
 354.900 1100.000
 355.000 1130.000
 355.100 1100.000
 355.200 1090.000
 355.300 1120.000
 355.400 1090.000
 355.500 1100.000
 355.600 1050.000
 355.700 1100.000
 355.800 1020.000
 355.900 1130.000
 356.000 1120.000
 356.100 1080.000
 356.200 1090.000
 356.300 1040.000
 356.400 1060.000
 356.500 1060.000
 356.600 1080.000
 356.700 1120.000
 356.800 1090.000
 356.900 1080.000
 357.000 1090.000
 357.100 1090.000
 357.200 1110.000
 357.300 1090.000
 357.400 1110.000
 357.500 1080.000
 357.600 1090.000
 357.700 1090.000
 357.800 1090.000
 357.900 1160.000
 358.000 1080.000
 358.100 1090.000
 358.200 1100.000
 358.300 1110.000
 358.400 1080.000
 358.500 1090.000
 358.600 1080.000
 358.700 1080.000
 358.800 1120.000
 358.900 1100.000
 359.000 1090.000
 359.100 1090.000
 359.200 1080.000
 359.300 1070.000
 359.400 1080.000
 359.500 1090.000
 359.600 1080.000
 359.700 1110.000
 359.800 1120.000
 359.900 1100.000
 360.000 1110.000
 360.100 1090.000
 360.200 1100.000
 360.300 1100.000
 360.400 1040.000
 360.500 1110.000
 360.600 1110.000
 360.700 1060.000
 360.800 1140.000
 360.900 1070.000
 361.000 1110.000
 361.100 1070.000
 361.200 1080.000
 361.300 1010.000
 361.400 1100.000
 361.500 1080.000
 361.600 1110.000
 361.700 1090.000
 361.800 1080.000
 361.900 1070.000
 362.000 1100.000
 362.100 1080.000
 362.200 1100.000
 362.300 1090.000
 362.400 1110.000
 362.500 1090.000
 362.600 1110.000
 362.700 1100.000
 362.800 1120.000
 362.900 1060.000
 363.000 1080.000
 363.100 1100.000
 363.200  990.000
 363.300 1090.000
 363.400 1100.000
 363.500 1070.000
 363.600 1090.000
 363.700 1110.000
 363.800 1060.000
 363.900 1120.000
 364.000 1070.000
 364.100 1060.000
 364.200 1110.000
 364.300 1070.000
 364.400 1080.000
 364.500 1110.000
 364.600 1100.000
 364.700 1080.000
 364.800 1090.000
 364.900 1070.000
 365.000 1110.000
 365.100 1050.000
 365.200 1070.000
 365.300 1070.000
 365.400 1110.000
 365.500 1100.000
 365.600 1110.000
 365.700 1070.000
 365.800 1060.000
 365.900 1100.000
 366.000 1120.000
 366.100 1090.000
 366.200 1110.000
 366.300 1140.000
 366.400 1060.000
 366.500 1070.000
 366.600 1110.000
 366.700 1070.000
 366.800 1130.000
 366.900 1080.000
 367.000 1090.000
 367.100 1080.000
 367.200 1100.000
 367.300 1110.000
 367.400 1100.000
 367.500 1110.000
 367.600 1120.000
 367.700 1120.000
 367.800 1070.000
 367.900 1080.000
 368.000 1110.000
 368.100 1050.000
 368.200 1120.000
 368.300 1070.000
 368.400 1120.000
 368.500 1100.000
 368.600 1120.000
 368.700 1090.000
 368.800 1100.000
 368.900 1090.000
 369.000 1050.000
 369.100 1050.000
 369.200 1100.000
 369.300 1070.000
 369.400 1110.000
 369.500 1090.000
 369.600 1040.000
 369.700 1140.000
 369.800 1070.000
 369.900 1070.000
 370.000 1080.000
 370.100 1090.000
 370.200 1100.000
 370.300 1140.000
 370.400 1120.000
 370.500 1120.000
 370.600 1100.000
 370.700 1030.000
 370.800 1090.000
 370.900 1120.000
 371.000 1080.000
 371.100 -4420.000
 371.200  890.000
 371.300  850.000
 371.400 1040.000
 371.500 1020.000
 371.600 1000.000
 371.700  990.000
 371.800 1000.000
 371.900  990.000
 372.000 1010.000
 372.100  960.000
 372.200  980.000
 372.300  970.000
 372.400 1000.000
 372.500 1000.000
 372.600  970.000
 372.700  980.000
 372.800  970.000
 372.900 1010.000
 373.000  980.000
 373.100  930.000
 373.200  920.000
 373.300  980.000
 373.400  970.000
 373.500 1000.000
 373.600  970.000
 373.700  990.000
 373.800  960.000
 373.900 1000.000
 374.000 1000.000
 374.100  980.000
 374.200  980.000
 374.300  960.000
 374.400 1000.000
 374.500  980.000
 374.600  980.000
 374.700  980.000
 374.800 1000.000
 374.900  990.000
 375.000  980.000
 375.100  990.000
 375.200  980.000
 375.300  990.000
 375.400 1000.000
 375.500  970.000
 375.600  990.000
 375.700  990.000
 375.800  980.000
 375.900  980.000
 376.000  970.000
 376.100 1000.000
 376.200 1020.000
 376.300  970.000
 376.400  970.000
 376.500  970.000
 376.600  960.000
 376.700  950.000
 376.800  990.000
 376.900  960.000
 377.000  990.000
 377.100  990.000
 377.200 1010.000
 377.300  980.000
 377.400 1000.000
 377.500  950.000
 377.600  980.000
 377.700  960.000
 377.800  990.000
 377.900  990.000
 378.000  990.000
 378.100  990.000
 378.200 1030.000
 378.300  980.000
 378.400  960.000
 378.500  990.000
 378.600  980.000
 378.700 1000.000
 378.800 1000.000
 378.900  990.000
 379.000 1000.000
 379.100  980.000
 379.200 1010.000
 379.300  970.000
 379.400  980.000
 379.500  980.000
 379.600  980.000
 379.700 1000.000
 379.800  940.000
 379.900  990.000
 380.000 1000.000
 380.100  970.000
 380.200  950.000
 380.300 1000.000
 380.400 1010.000
 380.500 1010.000
 380.600  990.000
 380.700  960.000
 380.800  930.000
 380.900 1000.000
 381.000 1030.000
 381.100  990.000
 381.200  990.000
 381.300  950.000
 381.400  990.000
 381.500  960.000
 381.600  990.000
 381.700 1000.000
 381.800  970.000
 381.900  980.000
 382.000  960.000
 382.100 1010.000
 382.200 1000.000
 382.300  960.000
 382.400  980.000
 382.500  950.000
 382.600  850.000
 382.700  950.000
 382.800 1000.000
 382.900  990.000
 383.000  980.000
 383.100  990.000
 383.200  980.000
 383.300  990.000
 383.400 1000.000
 383.500 1000.000
 383.600  970.000
 383.700 1010.000
 383.800  980.000
 383.900 1000.000
 384.000  980.000
 384.100  960.000
 384.200  960.000
 384.300  990.000
 384.400 1020.000
 384.500  980.000
 384.600  980.000
 384.700  970.000
 384.800  990.000
 384.900  990.000
 385.000  960.000
 385.100  990.000
 385.200  950.000
 385.300 1010.000
 385.400  970.000
 385.500  970.000
 385.600  990.000
 385.700  990.000
 385.800  990.000
 385.900  970.000
 386.000  980.000
 386.100  980.000
 386.200 1020.000
 386.300  980.000
 386.400  960.000
 386.500  990.000
 386.600 1000.000
 386.700  980.000
 386.800  980.000
 386.900 1000.000
 387.000  960.000
 387.100  980.000
 387.200 1010.000
 387.300  990.000
 387.400  970.000
 387.500  980.000
 387.600  990.000
 387.700  980.000
 387.800  930.000
 387.900  980.000
 388.000 1000.000
 388.100  990.000
 388.200  960.000
 388.300  980.000
 388.400  980.000
 388.500 1010.000
 388.600  980.000
 388.700  980.000
 388.800  980.000
 388.900 1000.000
 389.000  970.000
 389.100 1000.000
 389.200  980.000
 389.300  980.000
 389.400  990.000
 389.500 1000.000
 389.600  980.000
 389.700  990.000
 389.800  970.000
 389.900  990.000
 390.000  980.000
 390.100 1010.000
 390.200  970.000
 390.300 1000.000
 390.400  990.000
 390.500 1010.000
 390.600  970.000
 390.700 1000.000
 390.800  980.000
 390.900  980.000
 391.000  960.000
 391.100  970.000
 391.200  980.000
 391.300  990.000
 391.400 1010.000
 391.500  980.000
 391.600  980.000
 391.700 1000.000
 391.800 1000.000
 391.900  960.000
 392.000  950.000
 392.100  970.000
 392.200  990.000
 392.300  990.000
 392.400  970.000
 392.500  980.000
 392.600 1000.000
 392.700  980.000
 392.800  970.000
 392.900  980.000
 393.000  980.000
 393.100  960.000
 393.200  970.000
 393.300  990.000
 393.400  990.000
 393.500  970.000
 393.600 1000.000
 393.700 1000.000
 393.800 1000.000
 393.900  990.000
 394.000  980.000
 394.100  990.000
 394.200 1010.000
 394.300 1000.000
 394.400  970.000
 394.500  990.000
 394.600  980.000
 394.700  980.000
 394.800 1000.000
 394.900 1000.000
 395.000  990.000
 395.100  980.000
 395.200 1000.000
 395.300  960.000
 395.400  990.000
 395.500 1000.000
 395.600 1000.000
 395.700  980.000
 395.800 1000.000
 395.900  980.000
 396.000 1010.000
 396.100  980.000
 396.200  960.000
 396.300  990.000
 396.400  980.000
 396.500 1000.000
 396.600 1010.000
 396.700  990.000
 396.800 1000.000
 396.900  970.000
 397.000  980.000
 397.100  980.000
 397.200 1020.000
 397.300  990.000
 397.400 1030.000
 397.500  960.000
 397.600  980.000
 397.700  960.000
 397.800  960.000
 397.900  970.000
 398.000  960.000
 398.100  980.000
 398.200 1000.000
 398.300 1000.000
 398.400 1030.000
 398.500 1010.000
 398.600  980.000
 398.700 1000.000
 398.800 1020.000
 398.900 1010.000
 399.000  980.000
 399.100 1000.000
 399.200  900.000
 399.300 1010.000
 399.400  950.000
 399.500  990.000
 399.600  980.000
 399.700 1000.000
 399.800 1020.000
 399.900 1000.000
 400.000  990.000
 400.100  970.000
 400.200  980.000
 400.300  940.000
 400.400  980.000
 400.500 1000.000
 400.600  970.000
 400.700  970.000
 400.800 1010.000
 400.900  980.000
 401.000  980.000
 401.100 1070.000
 401.200 1070.000
 401.300  930.000
 401.400  880.000
 401.500  870.000
 401.600  850.000
 401.700  890.000
 401.800  870.000
 401.900  880.000
 402.000  880.000
 402.100  880.000
 402.200  860.000
 402.300  890.000
 402.400  860.000
 402.500  870.000
 402.600  860.000
 402.700  880.000
 402.800  860.000
 402.900  870.000
 403.000  880.000
 403.100  870.000
 403.200  880.000
 403.300  870.000
 403.400  860.000
 403.500  890.000
 403.600  880.000
 403.700  880.000
 403.800  870.000
 403.900  860.000
 404.000  870.000
 404.100  870.000
 404.200  870.000
 404.300  880.000
 404.400  890.000
 404.500  870.000
 404.600  850.000
 404.700  860.000
 404.800  870.000
 404.900  870.000
 405.000  860.000
 405.100  860.000
 405.200  880.000
 405.300  860.000
 405.400  880.000
 405.500  850.000
 405.600  860.000
 405.700  870.000
 405.800  860.000
 405.900  860.000
 406.000  880.000
 406.100  850.000
 406.200  870.000
 406.300  850.000
 406.400  880.000
 406.500  880.000
 406.600  880.000
 406.700  870.000
 406.800  890.000
 406.900  860.000
 407.000  860.000
 407.100  870.000
 407.200  840.000
 407.300  850.000
 407.400  880.000
 407.500  890.000
 407.600  870.000
 407.700  940.000
 407.800  880.000
 407.900  880.000
 408.000  880.000
 408.100  870.000
 408.200  860.000
 408.300  870.000
 408.400  880.000
 408.500  880.000
 408.600  890.000
 408.700  870.000
 408.800  870.000
 408.900  890.000
 409.000  870.000
 409.100  860.000
 409.200  890.000
 409.300  850.000
 409.400  880.000
 409.500  860.000
 409.600  910.000
 409.700  860.000
 409.800  880.000
 409.900  880.000
 410.000  890.000
 410.100  880.000
 410.200  870.000
 410.300  860.000
 410.400  860.000
 410.500  860.000
 410.600  880.000
 410.700  890.000
 410.800  860.000
 410.900  880.000
 411.000  850.000
 411.100  880.000
 411.200  860.000
 411.300  870.000
 411.400  860.000
 411.500  890.000
 411.600  870.000
 411.700  870.000
 411.800  860.000
 411.900  880.000
 412.000  860.000
 412.100  880.000
 412.200  900.000
 412.300  860.000
 412.400  870.000
 412.500  860.000
 412.600  870.000
 412.700  880.000
 412.800  860.000
 412.900  860.000
 413.000  870.000
 413.100  860.000
 413.200  860.000
 413.300  850.000
 413.400  860.000
 413.500  860.000
 413.600  870.000
 413.700  870.000
 413.800  870.000
 413.900  870.000
 414.000  850.000
 414.100  900.000
 414.200  860.000
 414.300  870.000
 414.400  860.000
 414.500  860.000
 414.600  860.000
 414.700  860.000
 414.800  860.000
 414.900  870.000
 415.000  860.000
 415.100  860.000
 415.200  860.000
 415.300  860.000
 415.400  900.000
 415.500  890.000
 415.600  870.000
 415.700  880.000
 415.800  870.000
 415.900  870.000
 416.000  870.000
 416.100  890.000
 416.200  880.000
 416.300  880.000
 416.400  860.000
 416.500  880.000
 416.600  870.000
 416.700  880.000
 416.800  860.000
 416.900  890.000
 417.000  870.000
 417.100  870.000
 417.200  870.000
 417.300  880.000
 417.400  870.000
 417.500  860.000
 417.600  860.000
 417.700  860.000
 417.800  860.000
 417.900  860.000
 418.000  890.000
 418.100  870.000
