SEC  Power
0.100	930.000
0.200	910.000
0.300	910.000
0.400	930.000
0.500	900.000
0.600	910.000
0.700	900.000
0.800	900.000
0.900	930.000
1.000	900.000
1.100	900.000
1.200	930.000
1.300	930.000
1.400	910.000
1.500	910.000
1.600	900.000
1.700	920.000
1.800	910.000
1.900	910.000
2.000	910.000
2.100	900.000
2.200	910.000
2.300	900.000
2.400	900.000
2.500	910.000
2.600	930.000
2.700	910.000
2.800	930.000
2.900	930.000
3.000	910.000
3.100	900.000
3.200	900.000
3.300	920.000
3.400	920.000
3.500	920.000
3.600	900.000
3.700	920.000
3.800	910.000
3.900	910.000
4.000	920.000
4.100	910.000
4.200	900.000
4.300	920.000
4.400	900.000
4.500	910.000
4.600	910.000
4.700	910.000
4.800	920.000
4.900	920.000
5.000	920.000
5.100	930.000
5.200	1120.000
5.300	2410.000
5.400	2830.000
5.500	3160.000
5.600	3470.000
5.700	1920.000
5.800	1320.000
5.900	1200.000
6.000	1220.000
6.100	1210.000
6.200	1250.000
6.300	1240.000
6.400	1240.000
6.500	1260.000
6.600	1240.000
6.700	1270.000
6.800	1270.000
6.900	1270.000
7.000	1260.000
7.100	1280.000
7.200	1270.000
7.300	1290.000
7.400	1270.000
7.500	1310.000
7.600	1310.000
7.700	1280.000
7.800	1260.000
7.900	1260.000
8.000	1300.000
8.100	1280.000
8.200	1280.000
8.300	1260.000
8.400	1290.000
8.500	1270.000
8.600	1260.000
8.700	1260.000
8.800	1280.000
8.900	1270.000
9.000	1260.000
9.100	1290.000
9.200	1260.000
9.300	1300.000
9.400	1280.000
9.500	1300.000
9.600	1260.000
9.700	1310.000
9.800	1280.000
9.900	1280.000
10.000	1270.000
10.100	1300.000
10.200	1280.000
10.300	1290.000
10.400	1260.000
10.500	1300.000
10.600	1280.000
10.700	1280.000
10.800	1270.000
10.900	1290.000
11.000	1270.000
11.100	1290.000
11.200	1270.000
11.300	1280.000
11.400	1270.000
11.500	1280.000
11.600	1280.000
11.700	1280.000
11.800	1280.000
11.900	1270.000
12.000	1290.000
12.100	1270.000
12.200	1270.000
12.300	1290.000
12.400	1270.000
12.500	1290.000
12.600	1310.000
12.700	1260.000
12.800	1320.000
12.900	1260.000
13.000	1270.000
13.100	1270.000
13.200	1300.000
13.300	1290.000
13.400	1280.000
13.500	1280.000
13.600	1250.000
13.700	1290.000
13.800	1280.000
13.900	1280.000
14.000	1270.000
14.100	1270.000
14.200	1280.000
14.300	1270.000
14.400	1260.000
14.500	1310.000
14.600	1270.000
14.700	1290.000
14.800	1260.000
14.900	1300.000
15.000	1270.000
15.100	1280.000
15.200	1280.000
15.300	1290.000
15.400	1280.000
15.500	1310.000
15.600	1280.000
15.700	1270.000
15.800	1270.000
15.900	1270.000
16.000	1280.000
16.100	1300.000
16.200	1280.000
16.300	1280.000
16.400	1290.000
16.500	1300.000
16.600	1270.000
16.700	1300.000
16.800	1270.000
16.900	1290.000
17.000	1280.000
17.100	1280.000
17.200	1220.000
17.300	1250.000
17.400	1260.000
17.500	1250.000
17.600	1300.000
17.700	1300.000
17.800	1310.000
17.900	1280.000
18.000	1290.000
18.100	1290.000
18.200	1300.000
18.300	1290.000
18.400	1270.000
18.500	1280.000
18.600	1260.000
18.700	1280.000
18.800	1240.000
18.900	1310.000
19.000	1180.000
19.100	1290.000
19.200	1240.000
19.300	1300.000
19.400	1250.000
19.500	1270.000
19.600	1260.000
19.700	1270.000
19.800	1270.000
19.900	1290.000
20.000	1270.000
20.100	1290.000
20.200	1270.000
20.300	1290.000
20.400	1270.000
20.500	1290.000
20.600	1280.000
20.700	1290.000
20.800	1260.000
20.900	1280.000
21.000	1260.000
21.100	1270.000
21.200	1280.000
21.300	1290.000
21.400	1260.000
21.500	1280.000
21.600	1290.000
21.700	1290.000
21.800	1260.000
21.900	1280.000
22.000	1260.000
22.100	1270.000
22.200	1280.000
22.300	1290.000
22.400	1290.000
22.500	1270.000
22.600	1280.000
22.700	1280.000
22.800	1280.000
22.900	1280.000
23.000	1240.000
23.100	1320.000
23.200	1280.000
23.300	1270.000
23.400	1290.000
23.500	1290.000
23.600	1260.000
23.700	1290.000
23.800	1290.000
23.900	1340.000
24.000	1280.000
24.100	1280.000
24.200	1260.000
24.300	1300.000
24.400	1250.000
24.500	1280.000
24.600	1270.000
24.700	1290.000
24.800	1280.000
24.900	1290.000
25.000	1270.000
25.100	1290.000
25.200	1260.000
25.300	1310.000
25.400	1250.000
25.500	1280.000
25.600	1290.000
25.700	1290.000
25.800	1260.000
25.900	1310.000
26.000	1310.000
26.100	1280.000
26.200	1260.000
26.300	1290.000
26.400	1290.000
26.500	1290.000
26.600	1270.000
26.700	1270.000
26.800	1280.000
26.900	1290.000
27.000	1290.000
27.100	1270.000
27.200	1260.000
27.300	1280.000
27.400	1310.000
27.500	1260.000
27.600	1280.000
27.700	1280.000
27.800	1280.000
27.900	1230.000
28.000	1300.000
28.100	1290.000
28.200	1270.000
28.300	1310.000
28.400	1290.000
28.500	1290.000
28.600	1300.000
28.700	1260.000
28.800	1270.000
28.900	1270.000
29.000	1260.000
29.100	1280.000
29.200	1260.000
29.300	1270.000
29.400	1310.000
29.500	1260.000
29.600	1220.000
29.700	1280.000
29.800	1280.000
29.900	1250.000
30.000	1260.000
30.100	1290.000
30.200	1270.000
30.300	1290.000
30.400	1240.000
30.500	1310.000
30.600	1280.000
30.700	1290.000
30.800	1260.000
30.900	1300.000
31.000	1240.000
31.100	1290.000
31.200	1270.000
31.300	1280.000
31.400	1240.000
31.500	1300.000
31.600	1300.000
31.700	1310.000
31.800	1250.000
31.900	1280.000
32.000	1260.000
32.100	1270.000
32.200	1260.000
32.300	1280.000
32.400	1300.000
32.500	1290.000
32.600	1280.000
32.700	1270.000
32.800	1270.000
32.900	1280.000
33.000	1270.000
33.100	1290.000
33.200	1260.000
33.300	1280.000
33.400	1270.000
33.500	1270.000
33.600	1290.000
33.700	1320.000
33.800	1280.000
33.900	1280.000
34.000	1270.000
34.100	1270.000
34.200	1290.000
34.300	1310.000
34.400	1260.000
34.500	1300.000
34.600	1270.000
34.700	1310.000
34.800	1260.000
34.900	1260.000
35.000	1250.000
35.100	1320.000
35.200	1970.000
35.300	4260.000
35.400	5280.000
35.500	5900.000
35.600	6090.000
35.700	2900.000
35.800	1870.000
35.900	1620.000
36.000	1580.000
36.100	1570.000
36.200	1610.000
36.300	1590.000
36.400	1620.000
36.500	1620.000
36.600	1650.000
36.700	1640.000
36.800	1680.000
36.900	1670.000
37.000	1700.000
37.100	1700.000
37.200	1700.000
37.300	1700.000
37.400	1630.000
37.500	1710.000
37.600	1690.000
37.700	1700.000
37.800	1740.000
37.900	1720.000
38.000	1680.000
38.100	1720.000
38.200	1690.000
38.300	1720.000
38.400	1700.000
38.500	1710.000
38.600	1740.000
38.700	1700.000
38.800	1710.000
38.900	1700.000
39.000	1740.000
39.100	1690.000
39.200	1730.000
39.300	1720.000
39.400	1730.000
39.500	1710.000
39.600	1740.000
39.700	1710.000
39.800	1720.000
39.900	1720.000
40.000	1690.000
40.100	1720.000
40.200	1690.000
40.300	1720.000
40.400	1710.000
40.500	1720.000
40.600	1720.000
40.700	1700.000
40.800	1720.000
40.900	1710.000
41.000	1720.000
41.100	1690.000
41.200	1690.000
41.300	1690.000
41.400	1730.000
41.500	1710.000
41.600	1730.000
41.700	1710.000
41.800	1730.000
41.900	1720.000
42.000	1720.000
42.100	1730.000
42.200	1690.000
42.300	1710.000
42.400	1700.000
42.500	1700.000
42.600	1690.000
42.700	1710.000
42.800	1700.000
42.900	1730.000
43.000	1700.000
43.100	1710.000
43.200	1730.000
43.300	1720.000
43.400	1730.000
43.500	1690.000
43.600	1730.000
43.700	1700.000
43.800	1720.000
43.900	1700.000
44.000	1720.000
44.100	1700.000
44.200	1710.000
44.300	1710.000
44.400	1710.000
44.500	1710.000
44.600	1690.000
44.700	1720.000
44.800	1700.000
44.900	1710.000
45.000	1700.000
45.100	1720.000
45.200	1700.000
45.300	1730.000
45.400	1700.000
45.500	1720.000
45.600	1740.000
45.700	1700.000
45.800	1730.000
45.900	1680.000
46.000	1710.000
46.100	1690.000
46.200	1700.000
46.300	1700.000
46.400	1750.000
46.500	1710.000
46.600	1720.000
46.700	1730.000
46.800	1710.000
46.900	1750.000
47.000	1690.000
47.100	1720.000
47.200	1690.000
47.300	1690.000
47.400	1690.000
47.500	1710.000
47.600	1700.000
47.700	1740.000
47.800	1720.000
47.900	1700.000
48.000	1700.000
48.100	1690.000
48.200	1720.000
48.300	1680.000
48.400	1720.000
48.500	1690.000
48.600	1710.000
48.700	1660.000
48.800	1690.000
48.900	1700.000
49.000	1750.000
49.100	1690.000
49.200	1700.000
49.300	1690.000
49.400	1710.000
49.500	1700.000
49.600	1670.000
49.700	1700.000
49.800	1670.000
49.900	1670.000
50.000	1670.000
50.100	1730.000
50.200	1710.000
50.300	1690.000
50.400	1730.000
50.500	1670.000
50.600	1700.000
50.700	1690.000
50.800	1700.000
50.900	1680.000
51.000	1710.000
51.100	1670.000
51.200	1710.000
51.300	1700.000
51.400	1710.000
51.500	1740.000
51.600	1720.000
51.700	1740.000
51.800	1700.000
51.900	1710.000
52.000	1690.000
52.100	1690.000
52.200	1670.000
52.300	1710.000
52.400	1700.000
52.500	1720.000
52.600	1700.000
52.700	1710.000
52.800	1710.000
52.900	1660.000
53.000	1720.000
53.100	1670.000
53.200	1700.000
53.300	1690.000
53.400	1710.000
53.500	1680.000
53.600	1730.000
53.700	1700.000
53.800	1710.000
53.900	1720.000
54.000	1700.000
54.100	1730.000
54.200	1680.000
54.300	1690.000
54.400	1700.000
54.500	1690.000
54.600	1690.000
54.700	1730.000
54.800	1710.000
54.900	1730.000
55.000	1720.000
55.100	1710.000
55.200	1730.000
55.300	1660.000
55.400	1720.000
55.500	1690.000
55.600	1690.000
55.700	1700.000
55.800	1720.000
55.900	1720.000
56.000	1720.000
56.100	1700.000
56.200	1740.000
56.300	1710.000
56.400	1690.000
56.500	1720.000
56.600	1670.000
56.700	1730.000
56.800	1690.000
56.900	1730.000
57.000	1700.000
57.100	1720.000
57.200	1700.000
57.300	1710.000
57.400	1720.000
57.500	1700.000
57.600	1730.000
57.700	1690.000
57.800	1730.000
57.900	1660.000
58.000	1680.000
58.100	1680.000
58.200	1710.000
58.300	1690.000
58.400	1720.000
58.500	1710.000
58.600	1700.000
58.700	1730.000
58.800	1690.000
58.900	1720.000
59.000	1710.000
59.100	1700.000
59.200	1680.000
59.300	1700.000
59.400	1680.000
59.500	1700.000
59.600	1760.000
59.700	1700.000
59.800	1760.000
59.900	1680.000
60.000	1740.000
60.100	1680.000
60.200	1750.000
60.300	1680.000
60.400	1710.000
60.500	1690.000
60.600	1730.000
60.700	1730.000
60.800	1740.000
60.900	1710.000
61.000	1700.000
61.100	1720.000
61.200	1690.000
61.300	1710.000
61.400	1690.000
61.500	1690.000
61.600	1690.000
61.700	1700.000
61.800	1700.000
61.900	1710.000
62.000	1690.000
62.100	1700.000
62.200	1700.000
62.300	1700.000
62.400	1710.000
62.500	1680.000
62.600	1700.000
62.700	1690.000
62.800	1730.000
62.900	1710.000
63.000	1720.000
63.100	1710.000
63.200	1730.000
63.300	1710.000
63.400	1690.000
63.500	1740.000
63.600	1700.000
63.700	1720.000
63.800	1680.000
63.900	1730.000
64.000	1690.000
64.100	1700.000
64.200	1690.000
64.300	1700.000
64.400	1710.000
64.500	1710.000
64.600	1700.000
64.700	1690.000
64.800	1730.000
64.900	1670.000
65.000	1710.000
65.100	1690.000
65.200	2290.000
65.300	5990.000
65.400	7720.000
65.500	8430.000
65.600	9220.000
65.700	4690.000
65.800	2630.000
65.900	2180.000
66.000	2040.000
66.100	2000.000
66.200	2050.000
66.300	2060.000
66.400	2080.000
66.500	2080.000
66.600	2120.000
66.700	2130.000
66.800	2180.000
66.900	2180.000
67.000	2180.000
67.100	2150.000
67.200	2230.000
67.300	2220.000
67.400	2160.000
67.500	2210.000
67.600	2180.000
67.700	2170.000
67.800	2210.000
67.900	2200.000
68.000	2190.000
68.100	2210.000
68.200	2220.000
68.300	2180.000
68.400	2210.000
68.500	2230.000
68.600	2200.000
68.700	2190.000
68.800	2230.000
68.900	2190.000
69.000	2230.000
69.100	2250.000
69.200	2210.000
69.300	2180.000
69.400	2230.000
69.500	2250.000
69.600	2200.000
69.700	2210.000
69.800	2260.000
69.900	2220.000
70.000	2220.000
70.100	2220.000
70.200	2230.000
70.300	2160.000
70.400	2250.000
70.500	2210.000
70.600	2210.000
70.700	2210.000
70.800	2220.000
70.900	2170.000
71.000	2210.000
71.100	2210.000
71.200	2220.000
71.300	2230.000
71.400	2220.000
71.500	2200.000
71.600	2220.000
71.700	2210.000
71.800	2230.000
71.900	2210.000
72.000	2240.000
72.100	2170.000
72.200	2210.000
72.300	2230.000
72.400	2220.000
72.500	2180.000
72.600	2230.000
72.700	2230.000
72.800	2190.000
72.900	2230.000
73.000	2250.000
73.100	2210.000
73.200	2210.000
73.300	2220.000
73.400	2230.000
73.500	2190.000
73.600	2230.000
73.700	2200.000
73.800	2160.000
73.900	2210.000
74.000	2190.000
74.100	2220.000
74.200	2230.000
74.300	2250.000
74.400	2200.000
74.500	2200.000
74.600	2220.000
74.700	2200.000
74.800	2190.000
74.900	2250.000
75.000	2200.000
75.100	2190.000
75.200	2220.000
75.300	2200.000
75.400	2160.000
75.500	2220.000
75.600	2210.000
75.700	2200.000
75.800	2200.000
75.900	2220.000
76.000	2180.000
76.100	2230.000
76.200	2230.000
76.300	2200.000
76.400	2180.000
76.500	2240.000
76.600	2200.000
76.700	2200.000
76.800	2230.000
76.900	2190.000
77.000	2180.000
77.100	2210.000
77.200	2200.000
77.300	2180.000
77.400	2220.000
77.500	2210.000
77.600	2220.000
77.700	2220.000
77.800	2240.000
77.900	2200.000
78.000	2220.000
78.100	2220.000
78.200	2200.000
78.300	2180.000
78.400	2230.000
78.500	2170.000
78.600	2190.000
78.700	2230.000
78.800	2230.000
78.900	2200.000
79.000	2200.000
79.100	2250.000
79.200	2190.000
79.300	2220.000
79.400	2230.000
79.500	2210.000
79.600	2180.000
79.700	2240.000
79.800	2180.000
79.900	2210.000
80.000	2240.000
80.100	2220.000
80.200	2200.000
80.300	2210.000
80.400	2200.000
80.500	2190.000
80.600	2220.000
80.700	2220.000
80.800	2190.000
80.900	2220.000
81.000	2210.000
81.100	2230.000
81.200	2230.000
81.300	2210.000
81.400	2230.000
81.500	2190.000
81.600	2250.000
81.700	2180.000
81.800	2190.000
81.900	2260.000
82.000	2200.000
82.100	2180.000
82.200	2200.000
82.300	2210.000
82.400	2200.000
82.500	2220.000
82.600	2230.000
82.700	2210.000
82.800	2210.000
82.900	2230.000
83.000	2190.000
83.100	2190.000
83.200	2210.000
83.300	2200.000
83.400	2190.000
83.500	2170.000
83.600	2210.000
83.700	2190.000
83.800	2220.000
83.900	2220.000
84.000	2230.000
84.100	2220.000
84.200	2230.000
84.300	2180.000
84.400	2220.000
84.500	2240.000
84.600	2190.000
84.700	2230.000
84.800	2240.000
84.900	2210.000
85.000	2190.000
85.100	2220.000
85.200	2180.000
85.300	2160.000
85.400	2190.000
85.500	2180.000
85.600	2200.000
85.700	2210.000
85.800	2220.000
85.900	2230.000
86.000	2240.000
86.100	2250.000
86.200	2190.000
86.300	2190.000
86.400	2210.000
86.500	2200.000
86.600	2190.000
86.700	2210.000
86.800	2180.000
86.900	2180.000
87.000	2200.000
87.100	2210.000
87.200	2190.000
87.300	2210.000
87.400	2220.000
87.500	2180.000
87.600	2220.000
87.700	2210.000
87.800	2210.000
87.900	2170.000
88.000	2210.000
88.100	2160.000
88.200	2200.000
88.300	2210.000
88.400	2210.000
88.500	2170.000
88.600	2230.000
88.700	2220.000
88.800	2190.000
88.900	2220.000
89.000	2180.000
89.100	2190.000
89.200	2200.000
89.300	2220.000
89.400	2230.000
89.500	2210.000
89.600	2240.000
89.700	2210.000
89.800	2210.000
89.900	2190.000
90.000	2170.000
90.100	2170.000
90.200	2200.000
90.300	2180.000
90.400	2180.000
90.500	2200.000
90.600	2250.000
90.700	2190.000
90.800	2220.000
90.900	2250.000
91.000	2230.000
91.100	2200.000
91.200	2210.000
91.300	2180.000
91.400	2230.000
91.500	2210.000
91.600	2160.000
91.700	2210.000
91.800	2210.000
91.900	2210.000
92.000	2210.000
92.100	2210.000
92.200	2240.000
92.300	2250.000
92.400	2210.000
92.500	2240.000
92.600	2220.000
92.700	2190.000
92.800	2210.000
92.900	2160.000
93.000	2180.000
93.100	2200.000
93.200	2170.000
93.300	2190.000
93.400	2190.000
93.500	2200.000
93.600	2180.000
93.700	2190.000
93.800	2180.000
93.900	2210.000
94.000	2190.000
94.100	2240.000
94.200	2200.000
94.300	2220.000
94.400	2250.000
94.500	2220.000
94.600	2230.000
94.700	2220.000
94.800	2220.000
94.900	2170.000
95.000	2230.000
95.100	2160.000
95.200	2200.000
95.300	4110.000
95.400	8810.000
95.500	10630.000
95.600	11550.000
95.700	11870.000
95.800	5110.000
95.900	3050.000
96.000	2590.000
96.100	2500.000
96.200	2490.000
96.300	2450.000
96.400	2440.000
96.500	2470.000
96.600	2530.000
96.700	2560.000
96.800	2570.000
96.900	2590.000
97.000	2590.000
97.100	2630.000
97.200	2650.000
97.300	2610.000
97.400	2630.000
97.500	2670.000
97.600	2690.000
97.700	2650.000
97.800	2650.000
97.900	2680.000
98.000	2710.000
98.100	2680.000
98.200	2660.000
98.300	2680.000
98.400	2690.000
98.500	2740.000
98.600	2740.000
98.700	2690.000
98.800	2650.000
98.900	2680.000
99.000	2730.000
99.100	2700.000
99.200	2660.000
99.300	2700.000
99.400	2710.000
99.500	2680.000
99.600	2650.000
99.700	2690.000
99.800	2760.000
99.900	2730.000
100.000	2660.000
100.100	2680.000
100.200	2700.000
100.300	2710.000
100.400	2690.000
100.500	2640.000
100.600	2670.000
100.700	2700.000
100.800	2690.000
100.900	2650.000
101.000	2700.000
101.100	2730.000
101.200	2710.000
101.300	2650.000
101.400	2700.000
101.500	2720.000
101.600	2700.000
101.700	2660.000
101.800	2680.000
101.900	2680.000
102.000	2680.000
102.100	2660.000
102.200	2730.000
102.300	2730.000
102.400	2710.000
102.500	2680.000
102.600	2670.000
102.700	2700.000
102.800	2710.000
102.900	2700.000
103.000	2670.000
103.100	2670.000
103.200	2700.000
103.300	2720.000
103.400	2730.000
103.500	2670.000
103.600	2670.000
103.700	2690.000
103.800	2700.000
103.900	2700.000
104.000	2650.000
104.100	2670.000
104.200	2670.000
104.300	2680.000
104.400	2670.000
104.500	2710.000
104.600	2700.000
104.700	2710.000
104.800	2680.000
104.900	2660.000
105.000	2690.000
105.100	2700.000
105.200	2670.000
105.300	2670.000
105.400	2650.000
105.500	2670.000
105.600	2660.000
105.700	2690.000
105.800	2700.000
105.900	2730.000
106.000	2680.000
106.100	2680.000
106.200	2680.000
106.300	2690.000
106.400	2680.000
106.500	2660.000
106.600	2630.000
106.700	2650.000
106.800	2680.000
106.900	2670.000
107.000	2700.000
107.100	2710.000
107.200	2700.000
107.300	2660.000
107.400	2680.000
107.500	2680.000
107.600	2690.000
107.700	2660.000
107.800	2650.000
107.900	2640.000
108.000	2650.000
108.100	2700.000
108.200	2650.000
108.300	2680.000
108.400	2640.000
108.500	2680.000
108.600	2670.000
108.700	2670.000
108.800	2630.000
108.900	2650.000
109.000	2650.000
109.100	2640.000
109.200	2660.000
109.300	2690.000
109.400	2670.000
109.500	2700.000
109.600	2650.000
109.700	2640.000
109.800	2660.000
109.900	2680.000
110.000	2660.000
110.100	2630.000
110.200	2640.000
110.300	2650.000
110.400	2640.000
110.500	2680.000
110.600	2700.000
110.700	2680.000
110.800	2680.000
110.900	2670.000
111.000	2670.000
111.100	2680.000
111.200	2700.000
111.300	2630.000
111.400	2640.000
111.500	2650.000
111.600	2670.000
111.700	2670.000
111.800	2690.000
111.900	2690.000
112.000	2690.000
112.100	2670.000
112.200	2680.000
112.300	2660.000
112.400	2690.000
112.500	2670.000
112.600	2630.000
112.700	2620.000
112.800	2640.000
112.900	2690.000
113.000	2720.000
113.100	2670.000
113.200	2680.000
113.300	2690.000
113.400	2690.000
113.500	2670.000
113.600	2640.000
113.700	2630.000
113.800	2630.000
113.900	2630.000
114.000	2690.000
114.100	2670.000
114.200	2680.000
114.300	2680.000
114.400	2640.000
114.500	2710.000
114.600	2700.000
114.700	2690.000
114.800	2650.000
114.900	2630.000
115.000	2620.000
115.100	2630.000
115.200	2640.000
115.300	2670.000
115.400	2690.000
115.500	2690.000
115.600	2660.000
115.700	2680.000
115.800	2690.000
115.900	2690.000
116.000	2690.000
116.100	2660.000
116.200	2610.000
116.300	2620.000
116.400	2630.000
116.500	2660.000
116.600	2710.000
116.700	2700.000
116.800	2680.000
116.900	2690.000
117.000	2700.000
117.100	2650.000
117.200	2670.000
117.300	2630.000
117.400	2610.000
117.500	2610.000
117.600	2620.000
117.700	2660.000
117.800	2660.000
117.900	2700.000
118.000	2720.000
118.100	2660.000
118.200	2700.000
118.300	2680.000
118.400	2620.000
118.500	2620.000
118.600	2600.000
118.700	2650.000
118.800	2680.000
118.900	2670.000
119.000	2690.000
119.100	2710.000
119.200	2690.000
119.300	2670.000
119.400	2680.000
119.500	2650.000
119.600	2640.000
119.700	2640.000
119.800	2590.000
119.900	2660.000
120.000	2670.000
120.100	2700.000
120.200	2670.000
120.300	2710.000
120.400	2740.000
120.500	2690.000
120.600	2690.000
120.700	2680.000
120.800	2650.000
120.900	2630.000
121.000	2600.000
121.100	2620.000
121.200	2640.000
121.300	2680.000
121.400	2690.000
121.500	2690.000
121.600	2710.000
121.700	2730.000
121.800	2690.000
121.900	2690.000
122.000	2690.000
122.100	2630.000
122.200	2590.000
122.300	2650.000
122.400	2620.000
122.500	2650.000
122.600	2660.000
122.700	2670.000
122.800	2700.000
122.900	2630.000
123.000	2660.000
123.100	2640.000
123.200	2600.000
123.300	2590.000
123.400	2610.000
123.500	2660.000
123.600	2650.000
123.700	2670.000
123.800	2700.000
123.900	2710.000
124.000	2700.000
124.100	2660.000
124.200	2660.000
124.300	2670.000
124.400	2630.000
124.500	2600.000
124.600	2610.000
124.700	2650.000
124.800	2660.000
124.900	2660.000
125.000	2690.000
125.100	2720.000
125.200	2690.000
125.300	3930.000
125.400	10360.000
125.500	12790.000
125.600	14000.000
125.700	14680.000
125.800	8140.000
125.900	4590.000
126.000	3460.000
126.100	2940.000
126.200	2760.000
126.300	2780.000
126.400	2780.000
126.500	2820.000
126.600	2810.000
126.700	2800.000
126.800	2870.000
126.900	2940.000
127.000	3010.000
127.100	3010.000
127.200	3030.000
127.300	2990.000
127.400	2970.000
127.500	3040.000
127.600	3040.000
127.700	3080.000
127.800	3110.000
127.900	3090.000
128.000	3000.000
128.100	3020.000
128.200	2980.000
128.300	3050.000
128.400	3100.000
128.500	3150.000
128.600	3120.000
128.700	3110.000
128.800	3030.000
128.900	2990.000
129.000	3060.000
129.100	3180.000
129.200	3150.000
129.300	3110.000
129.400	3080.000
129.500	3020.000
129.600	3030.000
129.700	3110.000
129.800	3170.000
129.900	3160.000
130.000	3120.000
130.100	3050.000
130.200	3020.000
130.300	3030.000
130.400	3100.000
130.500	3160.000
130.600	3080.000
130.700	3080.000
130.800	3040.000
130.900	3040.000
131.000	3060.000
131.100	3140.000
131.200	3190.000
131.300	3130.000
131.400	3080.000
131.500	3020.000
131.600	3050.000
131.700	3080.000
131.800	3150.000
131.900	3160.000
132.000	3120.000
132.100	3070.000
132.200	3040.000
132.300	3060.000
132.400	3090.000
132.500	3170.000
132.600	3140.000
132.700	3100.000
132.800	3020.000
132.900	3030.000
133.000	3070.000
133.100	3100.000
133.200	3190.000
133.300	3140.000
133.400	3080.000
133.500	3000.000
133.600	3040.000
133.700	2990.000
133.800	3060.000
133.900	3130.000
134.000	3170.000
134.100	3140.000
134.200	3050.000
134.300	3040.000
134.400	3040.000
134.500	3080.000
134.600	3140.000
134.700	3170.000
134.800	3130.000
134.900	3060.000
135.000	2980.000
135.100	3040.000
135.200	3110.000
135.300	3160.000
135.400	3140.000
135.500	3100.000
135.600	3030.000
135.700	3010.000
135.800	3050.000
135.900	3110.000
136.000	3160.000
136.100	3140.000
136.200	3080.000
136.300	2990.000
136.400	3020.000
136.500	3110.000
136.600	3170.000
136.700	3160.000
136.800	3150.000
136.900	3040.000
137.000	2980.000
137.100	3030.000
137.200	3110.000
137.300	3150.000
137.400	3140.000
137.500	3090.000
137.600	3000.000
137.700	2990.000
137.800	3070.000
137.900	3130.000
138.000	3110.000
138.100	3170.000
138.200	3070.000
138.300	2980.000
138.400	3010.000
138.500	3080.000
138.600	3140.000
138.700	3160.000
138.800	3120.000
138.900	3030.000
139.000	3010.000
139.100	3040.000
139.200	3090.000
139.300	3150.000
139.400	3170.000
139.500	3100.000
139.600	3130.000
139.700	3060.000
139.800	2970.000
139.900	2990.000
140.000	3080.000
140.100	3110.000
140.200	3170.000
140.300	3140.000
140.400	2990.000
140.500	2980.000
140.600	3030.000
140.700	3100.000
140.800	3150.000
140.900	3160.000
141.000	3100.000
141.100	3000.000
141.200	2990.000
141.300	3020.000
141.400	3100.000
141.500	3160.000
141.600	3130.000
141.700	3080.000
141.800	2970.000
141.900	2980.000
142.000	3060.000
142.100	3140.000
142.200	3190.000
142.300	3150.000
142.400	3020.000
142.500	2970.000
142.600	3000.000
142.700	3100.000
142.800	3140.000
142.900	3180.000
143.000	3080.000
143.100	3000.000
143.200	2970.000
143.300	3020.000
143.400	3080.000
143.500	3170.000
143.600	3170.000
143.700	3060.000
143.800	3000.000
143.900	3000.000
144.000	3020.000
144.100	3130.000
144.200	3170.000
144.300	3140.000
144.400	3060.000
144.500	2990.000
144.600	2980.000
144.700	3070.000
144.800	3170.000
144.900	3230.000
145.000	3130.000
145.100	3020.000
145.200	2970.000
145.300	2990.000
145.400	3100.000
145.500	3180.000
145.600	3140.000
145.700	3060.000
145.800	2990.000
145.900	2970.000
146.000	3000.000
146.100	3140.000
146.200	3180.000
146.300	3160.000
146.400	3170.000
146.500	3100.000
146.600	3020.000
146.700	2940.000
146.800	2970.000
146.900	3130.000
147.000	3160.000
147.100	3160.000
147.200	3050.000
147.300	3000.000
147.400	2940.000
147.500	3020.000
147.600	3160.000
147.700	3150.000
147.800	3120.000
147.900	3030.000
148.000	2950.000
148.100	2960.000
148.200	3080.000
148.300	3130.000
148.400	3180.000
148.500	3120.000
148.600	3030.000
148.700	2930.000
148.800	2970.000
148.900	3110.000
149.000	3150.000
149.100	3160.000
149.200	3050.000
149.300	2990.000
149.400	2960.000
149.500	3010.000
149.600	3070.000
149.700	3170.000
149.800	3160.000
149.900	3030.000
150.000	2960.000
150.100	2940.000
150.200	3020.000
150.300	3160.000
150.400	3170.000
150.500	3090.000
150.600	2990.000
150.700	2990.000
150.800	2950.000
150.900	3050.000
151.000	3120.000
151.100	3150.000
151.200	3100.000
151.300	3000.000
151.400	2940.000
151.500	2960.000
151.600	3120.000
151.700	3180.000
151.800	3120.000
151.900	3030.000
152.000	3000.000
152.100	2940.000
152.200	3040.000
152.300	3130.000
152.400	3160.000
152.500	3100.000
152.600	3010.000
152.700	2970.000
152.800	2930.000
152.900	3070.000
153.000	3140.000
153.100	3170.000
153.200	3100.000
153.300	2970.000
153.400	2960.000
153.500	2970.000
153.600	3070.000
153.700	3180.000
153.800	3170.000
153.900	3180.000
154.000	3120.000
154.100	3000.000
154.200	2960.000
154.300	2960.000
154.400	3080.000
154.500	3160.000
154.600	3160.000
154.700	3080.000
154.800	2980.000
154.900	2950.000
155.000	2970.000
155.100	3080.000
155.200	3150.000
155.300	3160.000
155.400	5610.000
155.500	12100.000
155.600	15480.000
155.700	16990.000
155.800	17120.000
155.900	10120.000
156.000	6470.000
156.100	4590.000
156.200	3800.000
156.300	3450.000
156.400	3060.000
156.500	3160.000
156.600	3050.000
156.700	3100.000
156.800	3270.000
156.900	3120.000
157.000	3350.000
157.100	3300.000
157.200	3300.000
157.300	3500.000
157.400	3360.000
157.500	3480.000
157.600	3540.000
157.700	3420.000
157.800	3560.000
157.900	3480.000
158.000	3500.000
158.100	3630.000
158.200	3460.000
158.300	3590.000
158.400	3590.000
158.500	3480.000
158.600	3710.000
158.700	3530.000
158.800	3590.000
158.900	3630.000
159.000	3450.000
159.100	3640.000
159.200	3570.000
159.300	3500.000
159.400	3670.000
159.500	3480.000
159.600	3580.000
159.700	3620.000
159.800	3470.000
159.900	3690.000
160.000	3570.000
160.100	3500.000
160.200	3670.000
160.300	3510.000
160.400	3610.000
160.500	3610.000
160.600	3480.000
160.700	3660.000
160.800	3510.000
160.900	3540.000
161.000	3650.000
161.100	3430.000
161.200	3650.000
161.300	3570.000
161.400	3460.000
161.500	3660.000
161.600	3500.000
161.700	3440.000
161.800	3600.000
161.900	3610.000
162.000	3460.000
162.100	3640.000
162.200	3520.000
162.300	3540.000
162.400	3630.000
162.500	3470.000
162.600	3620.000
162.700	3580.000
162.800	3500.000
162.900	3630.000
163.000	3490.000
163.100	3560.000
163.200	3620.000
163.300	3460.000
163.400	3640.000
163.500	3540.000
163.600	3520.000
163.700	3660.000
163.800	3460.000
163.900	3610.000
164.000	3600.000
164.100	3460.000
164.200	3650.000
164.300	3540.000
164.400	3530.000
164.500	3660.000
164.600	3470.000
164.700	3600.000
164.800	3600.000
164.900	3470.000
165.000	3640.000
165.100	3520.000
165.200	3570.000
165.300	3630.000
165.400	3470.000
165.500	3610.000
165.600	3570.000
165.700	3510.000
165.800	3670.000
165.900	3470.000
166.000	3570.000
166.100	3620.000
166.200	3450.000
166.300	3630.000
166.400	3540.000
166.500	3500.000
166.600	3650.000
166.700	3460.000
166.800	3560.000
166.900	3620.000
167.000	3420.000
167.100	3660.000
167.200	3550.000
167.300	3490.000
167.400	3640.000
167.500	3440.000
167.600	3560.000
167.700	3590.000
167.800	3450.000
167.900	3610.000
168.000	3540.000
168.100	3530.000
168.200	3610.000
168.300	3460.000
168.400	3580.000
168.500	3570.000
168.600	3450.000
168.700	3670.000
168.800	3500.000
168.900	3560.000
169.000	3590.000
169.100	3470.000
169.200	3590.000
169.300	3570.000
169.400	3500.000
169.500	3640.000
169.600	3480.000
169.700	3580.000
169.800	3590.000
169.900	3440.000
170.000	3620.000
170.100	3500.000
170.200	3500.000
170.300	3640.000
170.400	3470.000
170.500	3590.000
170.600	3630.000
170.700	3530.000
170.800	3490.000
170.900	3660.000
171.000	3480.000
171.100	3560.000
171.200	3610.000
171.300	3450.000
171.400	3610.000
171.500	3540.000
171.600	3500.000
171.700	3630.000
171.800	3460.000
171.900	3570.000
172.000	3590.000
172.100	3430.000
172.200	3620.000
172.300	3520.000
172.400	3510.000
172.500	3610.000
172.600	3460.000
172.700	3570.000
172.800	3550.000
172.900	3480.000
173.000	3620.000
173.100	3510.000
173.200	3540.000
173.300	3560.000
173.400	3450.000
173.500	3590.000
173.600	3500.000
173.700	3540.000
173.800	3610.000
173.900	3470.000
174.000	3570.000
174.100	3560.000
174.200	3410.000
174.300	3630.000
174.400	3510.000
174.500	3470.000
174.600	3610.000
174.700	3430.000
174.800	3590.000
174.900	3580.000
175.000	3460.000
175.100	3640.000
175.200	3480.000
175.300	3530.000
175.400	3610.000
175.500	3440.000
175.600	3590.000
175.700	3550.000
175.800	3450.000
175.900	3640.000
176.000	3480.000
176.100	3520.000
176.200	3580.000
176.300	3440.000
176.400	3600.000
176.500	3530.000
176.600	3450.000
176.700	3660.000
176.800	3460.000
176.900	3530.000
177.000	3600.000
177.100	3430.000
177.200	3590.000
177.300	3530.000
177.400	3440.000
177.500	3620.000
177.600	3450.000
177.700	3550.000
177.800	3590.000
177.900	3440.000
178.000	3610.000
178.100	3490.000
178.200	3480.000
178.300	3610.000
178.400	3460.000
178.500	3550.000
178.600	3570.000
178.700	3440.000
178.800	3620.000
178.900	3500.000
179.000	3500.000
179.100	3580.000
179.200	3410.000
179.300	3600.000
179.400	3550.000
179.500	3450.000
179.600	3610.000
179.700	3480.000
179.800	3500.000
179.900	3590.000
180.000	3440.000
180.100	3580.000
180.200	3480.000
180.300	3440.000
180.400	3610.000
180.500	3470.000
180.600	3520.000
180.700	3570.000
180.800	3440.000
180.900	3600.000
181.000	3520.000
181.100	3470.000
181.200	3510.000
181.300	3560.000
181.400	3450.000
181.500	3570.000
181.600	3540.000
181.700	3470.000
181.800	3560.000
181.900	3480.000
182.000	3540.000
182.100	3550.000
182.200	3450.000
182.300	3580.000
182.400	3520.000
182.500	3490.000
182.600	3560.000
182.700	3470.000
182.800	3550.000
182.900	3560.000
183.000	3460.000
183.100	3570.000
183.200	3500.000
183.300	3490.000
183.400	3570.000
183.500	3470.000
183.600	3560.000
183.700	3540.000
183.800	3480.000
183.900	3560.000
184.000	3490.000
184.100	3500.000
184.200	3570.000
184.300	3470.000
184.400	3550.000
184.500	3520.000
184.600	3470.000
184.700	3570.000
184.800	3460.000
184.900	3500.000
185.000	3550.000
185.100	3440.000
185.200	3560.000
185.300	3520.000
185.400	4960.000
185.500	12580.000
185.600	16900.000
185.700	18650.000
185.800	18750.000
185.900	14740.000
186.000	9840.000
186.100	6950.000
186.200	5570.000
186.300	4510.000
186.400	4120.000
186.500	3780.000
186.600	3630.000
186.700	3630.000
186.800	3530.000
186.900	3630.000
187.000	3690.000
187.100	3670.000
187.200	3800.000
187.300	3770.000
187.400	3840.000
187.500	3950.000
187.600	3900.000
187.700	4040.000
187.800	4010.000
187.900	3980.000
188.000	4110.000
188.100	3990.000
188.200	4100.000
188.300	4090.000
188.400	4060.000
188.500	4170.000
188.600	4040.000
188.700	4120.000
188.800	4170.000
188.900	4100.000
189.000	4170.000
189.100	4110.000
189.200	4110.000
189.300	4180.000
189.400	4070.000
189.500	4180.000
189.600	4060.000
189.700	4100.000
189.800	4170.000
189.900	4060.000
190.000	4120.000
190.100	4130.000
190.200	4080.000
190.300	4190.000
190.400	4070.000
190.500	4160.000
190.600	4110.000
190.700	4060.000
190.800	4170.000
190.900	4060.000
191.000	4100.000
191.100	4140.000
191.200	4070.000
191.300	4180.000
191.400	4080.000
191.500	4060.000
191.600	4140.000
191.700	4020.000
191.800	4130.000
191.900	4080.000
192.000	4070.000
192.100	4170.000
192.200	4090.000
192.300	4150.000
192.400	4040.000
192.500	4180.000
192.600	4040.000
192.700	4090.000
192.800	4110.000
192.900	4070.000
193.000	4100.000
193.100	4090.000
193.200	4070.000
193.300	4150.000
193.400	4080.000
193.500	4140.000
193.600	4130.000
193.700	4110.000
193.800	4150.000
193.900	4060.000
194.000	4090.000
194.100	4120.000
194.200	4070.000
194.300	4120.000
194.400	4090.000
194.500	4010.000
194.600	4110.000
194.700	3990.000
194.800	4140.000
194.900	4060.000
195.000	4080.000
195.100	4140.000
195.200	4040.000
195.300	4130.000
195.400	4070.000
195.500	4060.000
195.600	4150.000
195.700	4050.000
195.800	4070.000
195.900	4110.000
196.000	4030.000
196.100	4160.000
196.200	4030.000
196.300	4090.000
196.400	4080.000
196.500	4060.000
196.600	4100.000
196.700	4060.000
196.800	4080.000
196.900	4130.000
197.000	4050.000
197.100	4150.000
197.200	4070.000
197.300	4050.000
197.400	4130.000
197.500	4050.000
197.600	4100.000
197.700	4090.000
197.800	4050.000
197.900	4140.000
198.000	4050.000
198.100	4090.000
198.200	4130.000
198.300	4040.000
198.400	4160.000
198.500	4030.000
198.600	4100.000
198.700	4090.000
198.800	4050.000
198.900	4110.000
199.000	4090.000
199.100	4040.000
199.200	4110.000
199.300	4030.000
199.400	4110.000
199.500	4070.000
199.600	4040.000
199.700	4130.000
199.800	4040.000
199.900	4120.000
200.000	4090.000
200.100	4070.000
200.200	4110.000
200.300	4090.000
200.400	4090.000
200.500	4100.000
200.600	4050.000
200.700	4140.000
200.800	4040.000
200.900	4060.000
201.000	4110.000
201.100	4010.000
201.200	4130.000
201.300	4060.000
201.400	4060.000
201.500	4130.000
201.600	4020.000
201.700	4120.000
201.800	4070.000
201.900	4020.000
202.000	4140.000
202.100	4000.000
202.200	4140.000
202.300	4070.000
202.400	4020.000
202.500	4110.000
202.600	4020.000
202.700	4080.000
202.800	4090.000
202.900	4030.000
203.000	4120.000
203.100	4080.000
203.200	4080.000
203.300	4130.000
203.400	4020.000
203.500	4140.000
203.600	4050.000
203.700	4040.000
203.800	4140.000
203.900	4000.000
204.000	4140.000
204.100	4030.000
204.200	4070.000
204.300	4100.000
204.400	4020.000
204.500	4070.000
204.600	4050.000
204.700	4020.000
204.800	4100.000
204.900	4070.000
205.000	4090.000
205.100	4140.000
205.200	3990.000
205.300	4150.000
205.400	4020.000
205.500	4100.000
205.600	4110.000
205.700	4030.000
205.800	4120.000
205.900	4040.000
206.000	4060.000
206.100	4100.000
206.200	4040.000
206.300	4080.000
206.400	4080.000
206.500	4050.000
206.600	4100.000
206.700	4040.000
206.800	4110.000
206.900	4090.000
207.000	4170.000
207.100	4030.000
207.200	4070.000
207.300	4060.000
207.400	3990.000
207.500	4090.000
207.600	4010.000
207.700	4080.000
207.800	4100.000
207.900	4030.000
208.000	4090.000
208.100	4080.000
208.200	4020.000
208.300	4050.000
208.400	3990.000
208.500	4100.000
208.600	4080.000
208.700	4010.000
208.800	4130.000
208.900	3990.000
209.000	4040.000
209.100	4120.000
209.200	3940.000
209.300	4100.000
209.400	4000.000
209.500	4080.000
209.600	4110.000
209.700	4000.000
209.800	4130.000
209.900	4020.000
210.000	4060.000
210.100	4110.000
210.200	4010.000
210.300	4090.000
210.400	4050.000
210.500	4020.000
210.600	4110.000
210.700	4010.000
210.800	4090.000
210.900	4060.000
211.000	4020.000
211.100	4120.000
211.200	4000.000
211.300	4070.000
211.400	4080.000
211.500	4000.000
211.600	4100.000
211.700	3990.000
211.800	4020.000
211.900	4110.000
212.000	3980.000
212.100	4160.000
212.200	4040.000
212.300	4020.000
212.400	4120.000
212.500	3960.000
212.600	4120.000
212.700	4030.000
212.800	4030.000
212.900	4120.000
213.000	4000.000
213.100	4110.000
213.200	4040.000
213.300	4060.000
213.400	4120.000
213.500	4000.000
213.600	4050.000
213.700	4040.000
213.800	4000.000
213.900	4100.000
214.000	4020.000
214.100	4080.000
214.200	4090.000
214.300	4020.000
214.400	4100.000
214.500	4040.000
214.600	4050.000
214.700	4100.000
214.800	4000.000
214.900	4080.000
215.000	4080.000
215.100	4030.000
215.200	4050.000
215.300	3990.000
215.400	4100.000
215.500	1340.000
215.600	-5950.000
215.700	-6750.000
215.800	-7010.000
215.900	-5640.000
216.000	920.000
216.100	2050.000
216.200	2940.000
216.300	3330.000
216.400	3530.000
216.500	3670.000
216.600	3670.000
216.700	3740.000
216.800	3760.000
216.900	3580.000
217.000	3680.000
217.100	3580.000
217.200	3530.000
217.300	3600.000
217.400	3520.000
217.500	3570.000
217.600	3560.000
217.700	3470.000
217.800	3520.000
217.900	3470.000
218.000	3440.000
218.100	3500.000
218.200	3430.000
218.300	3470.000
218.400	3470.000
218.500	3410.000
218.600	3510.000
218.700	3430.000
218.800	3430.000
218.900	3520.000
219.000	3400.000
219.100	3500.000
219.200	3470.000
219.300	3430.000
219.400	3520.000
219.500	3370.000
219.600	3440.000
219.700	3450.000
219.800	3420.000
219.900	3480.000
220.000	3450.000
220.100	3410.000
220.200	3500.000
220.300	3410.000
220.400	3460.000
220.500	3530.000
220.600	3390.000
220.700	3500.000
220.800	3430.000
220.900	3410.000
221.000	3530.000
221.100	3390.000
221.200	3490.000
221.300	3460.000
221.400	3410.000
221.500	3500.000
221.600	3440.000
221.700	3410.000
221.800	3500.000
221.900	3410.000
222.000	3450.000
222.100	3490.000
222.200	3400.000
222.300	3510.000
222.400	3410.000
222.500	3420.000
222.600	3510.000
222.700	3490.000
222.800	3390.000
222.900	3500.000
223.000	3430.000
223.100	3470.000
223.200	3510.000
223.300	3420.000
223.400	3460.000
223.500	3480.000
223.600	3440.000
223.700	3510.000
223.800	3420.000
223.900	3430.000
224.000	3530.000
224.100	3410.000
224.200	3510.000
224.300	3440.000
224.400	3390.000
224.500	3510.000
224.600	3370.000
224.700	3450.000
224.800	3450.000
224.900	3410.000
225.000	3490.000
225.100	3420.000
225.200	3420.000
225.300	3520.000
225.400	3420.000
225.500	3440.000
225.600	3500.000
225.700	3380.000
225.800	3520.000
225.900	3430.000
226.000	3410.000
226.100	3510.000
226.200	3400.000
226.300	3460.000
226.400	3480.000
226.500	3400.000
226.600	3500.000
226.700	3470.000
226.800	3440.000
226.900	3510.000
227.000	3420.000
227.100	3440.000
227.200	3510.000
227.300	3370.000
227.400	3510.000
227.500	3440.000
227.600	3440.000
227.700	3540.000
227.800	3410.000
227.900	3460.000
228.000	3480.000
228.100	3450.000
228.200	3500.000
228.300	3440.000
228.400	3420.000
228.500	3490.000
228.600	3430.000
228.700	3470.000
228.800	3490.000
228.900	3390.000
229.000	3500.000
229.100	3420.000
229.200	3430.000
229.300	3500.000
229.400	3400.000
229.500	3490.000
229.600	3450.000
229.700	3400.000
229.800	3490.000
229.900	3410.000
230.000	3440.000
230.100	3450.000
230.200	3410.000
230.300	3480.000
230.400	3450.000
230.500	3420.000
230.600	3480.000
230.700	3410.000
230.800	3460.000
230.900	3490.000
231.000	3390.000
231.100	3500.000
231.200	3440.000
231.300	3440.000
231.400	3520.000
231.500	3440.000
231.600	3460.000
231.700	3480.000
231.800	3430.000
231.900	3480.000
232.000	3470.000
232.100	3440.000
232.200	3510.000
232.300	3410.000
232.400	3470.000
232.500	3460.000
232.600	3430.000
232.700	3500.000
232.800	3400.000
232.900	3420.000
233.000	3470.000
233.100	3470.000
233.200	3440.000
233.300	3440.000
233.400	3430.000
233.500	3520.000
233.600	3460.000
233.700	3430.000
233.800	3510.000
233.900	3400.000
234.000	3460.000
234.100	3450.000
234.200	3380.000
234.300	3530.000
234.400	3430.000
234.500	3480.000
234.600	3490.000
234.700	3430.000
234.800	3500.000
234.900	3450.000
235.000	3450.000
235.100	3480.000
235.200	3420.000
235.300	3430.000
235.400	3480.000
235.500	3410.000
235.600	3480.000
235.700	3470.000
235.800	3430.000
235.900	3530.000
236.000	3440.000
236.100	3460.000
236.200	3470.000
236.300	3430.000
236.400	3490.000
236.500	3450.000
236.600	3450.000
236.700	3490.000
236.800	3430.000
236.900	3450.000
237.000	3460.000
237.100	3420.000
237.200	3490.000
237.300	3450.000
237.400	3430.000
237.500	3490.000
237.600	3410.000
237.700	3470.000
237.800	3450.000
237.900	3450.000
238.000	3480.000
238.100	3440.000
238.200	3450.000
238.300	3490.000
238.400	3430.000
238.500	3450.000
238.600	3480.000
238.700	3410.000
238.800	3420.000
238.900	3470.000
239.000	3420.000
239.100	3460.000
239.200	3490.000
239.300	3430.000
239.400	3520.000
239.500	3420.000
239.600	3450.000
239.700	3450.000
239.800	3430.000
239.900	3480.000
240.000	3460.000
240.100	3470.000
240.200	3500.000
240.300	3470.000
240.400	3440.000
240.500	3440.000
240.600	3420.000
240.700	3480.000
240.800	3470.000
240.900	3430.000
241.000	3470.000
241.100	3410.000
241.200	3440.000
241.300	3430.000
241.400	3400.000
241.500	3460.000
241.600	3440.000
241.700	3430.000
241.800	3460.000
241.900	3410.000
242.000	3440.000
242.100	3440.000
242.200	3430.000
242.300	3480.000
242.400	3440.000
242.500	3440.000
242.600	3440.000
242.700	3390.000
242.800	3450.000
242.900	3420.000
243.000	3460.000
243.100	3490.000
243.200	3440.000
243.300	3430.000
243.400	3480.000
243.500	3450.000
243.600	3450.000
243.700	3440.000
243.800	3420.000
243.900	3500.000
244.000	3440.000
244.100	3440.000
244.200	3480.000
244.300	3400.000
244.400	3480.000
244.500	3430.000
244.600	3440.000
244.700	3480.000
244.800	3430.000
244.900	3480.000
245.000	3440.000
245.100	3450.000
245.200	3480.000
245.300	3460.000
245.400	3440.000
245.500	1650.000
245.600	-5210.000
245.700	-5910.000
245.800	-5790.000
245.900	-5410.000
246.000	1030.000
246.100	2180.000
246.200	2760.000
246.300	3040.000
246.400	3180.000
246.500	3130.000
246.600	3140.000
246.700	3120.000
246.800	3080.000
246.900	3070.000
247.000	3070.000
247.100	3050.000
247.200	3020.000
247.300	3090.000
247.400	3020.000
247.500	2960.000
247.600	3000.000
247.700	2980.000
247.800	2990.000
247.900	2980.000
248.000	2950.000
248.100	2990.000
248.200	2940.000
248.300	2970.000
248.400	2950.000
248.500	3000.000
248.600	2960.000
248.700	2990.000
248.800	2970.000
248.900	2930.000
249.000	2970.000
249.100	2980.000
249.200	2950.000
249.300	2990.000
249.400	2920.000
249.500	2930.000
249.600	2940.000
249.700	2920.000
249.800	2980.000
249.900	2960.000
250.000	2940.000
250.100	2930.000
250.200	2960.000
250.300	2970.000
250.400	2940.000
250.500	2960.000
250.600	2970.000
250.700	2960.000
250.800	2990.000
250.900	2880.000
251.000	2970.000
251.100	2960.000
251.200	2970.000
251.300	2960.000
251.400	2970.000
251.500	2990.000
251.600	2970.000
251.700	2980.000
251.800	2950.000
251.900	2940.000
252.000	2960.000
252.100	2950.000
252.200	2930.000
252.300	2930.000
252.400	2990.000
252.500	2970.000
252.600	2970.000
252.700	2980.000
252.800	2920.000
252.900	3000.000
253.000	2920.000
253.100	2980.000
253.200	2960.000
253.300	2990.000
253.400	3000.000
253.500	2920.000
253.600	2950.000
253.700	2950.000
253.800	2980.000
253.900	3010.000
254.000	2970.000
254.100	2980.000
254.200	2950.000
254.300	2980.000
254.400	2980.000
254.500	2960.000
254.600	2990.000
254.700	2960.000
254.800	2930.000
254.900	2960.000
255.000	2940.000
255.100	2990.000
255.200	2960.000
255.300	2960.000
255.400	2950.000
255.500	2960.000
255.600	2970.000
255.700	2990.000
255.800	2970.000
255.900	2950.000
256.000	2970.000
256.100	2980.000
256.200	2920.000
256.300	2950.000
256.400	2950.000
256.500	2920.000
256.600	2970.000
256.700	2970.000
256.800	2930.000
256.900	2960.000
257.000	2950.000
257.100	2970.000
257.200	2980.000
257.300	2990.000
257.400	2960.000
257.500	2930.000
257.600	2980.000
257.700	2930.000
257.800	2940.000
257.900	2960.000
258.000	2960.000
258.100	2950.000
258.200	2920.000
258.300	2970.000
258.400	2950.000
258.500	2980.000
258.600	2980.000
258.700	2960.000
258.800	2960.000
258.900	2940.000
259.000	2960.000
259.100	2980.000
259.200	2960.000
259.300	3000.000
259.400	2970.000
259.500	2940.000
259.600	2950.000
259.700	2950.000
259.800	2990.000
259.900	2980.000
260.000	2970.000
260.100	2980.000
260.200	2920.000
260.300	2960.000
260.400	2950.000
260.500	2960.000
260.600	2970.000
260.700	2930.000
260.800	2970.000
260.900	2930.000
261.000	2950.000
261.100	2960.000
261.200	3010.000
261.300	2980.000
261.400	2960.000
261.500	2930.000
261.600	2940.000
261.700	2950.000
261.800	2990.000
261.900	2990.000
262.000	2960.000
262.100	2980.000
262.200	2920.000
262.300	2970.000
262.400	2950.000
262.500	2990.000
262.600	3010.000
262.700	2960.000
262.800	2960.000
262.900	2920.000
263.000	2950.000
263.100	2970.000
263.200	2990.000
263.300	2980.000
263.400	2970.000
263.500	2950.000
263.600	2930.000
263.700	2950.000
263.800	2980.000
263.900	2990.000
264.000	2980.000
264.100	2980.000
264.200	2920.000
264.300	2910.000
264.400	2940.000
264.500	2960.000
264.600	2930.000
264.700	2980.000
264.800	2990.000
264.900	2990.000
265.000	2960.000
265.100	2900.000
265.200	2960.000
265.300	2960.000
265.400	2990.000
265.500	2970.000
265.600	2950.000
265.700	2920.000
265.800	2930.000
265.900	2910.000
266.000	3000.000
266.100	2990.000
266.200	2980.000
266.300	2970.000
266.400	2940.000
266.500	2940.000
266.600	2960.000
266.700	3000.000
266.800	3020.000
266.900	2990.000
267.000	2960.000
267.100	2920.000
267.200	2970.000
267.300	2930.000
267.400	2990.000
267.500	2990.000
267.600	2970.000
267.700	2960.000
267.800	2920.000
267.900	2920.000
268.000	2970.000
268.100	3050.000
268.200	3030.000
268.300	2990.000
268.400	2930.000
268.500	2930.000
268.600	2940.000
268.700	3010.000
268.800	3020.000
268.900	2990.000
269.000	2990.000
269.100	2910.000
269.200	2940.000
269.300	2970.000
269.400	3000.000
269.500	3020.000
269.600	2960.000
269.700	2970.000
269.800	2920.000
269.900	2930.000
270.000	3000.000
270.100	2990.000
270.200	2990.000
270.300	2980.000
270.400	2930.000
270.500	2940.000
270.600	2930.000
270.700	2960.000
270.800	3020.000
270.900	2990.000
271.000	3010.000
271.100	2930.000
271.200	2920.000
271.300	2940.000
271.400	2980.000
271.500	3010.000
271.600	2980.000
271.700	2970.000
271.800	2920.000
271.900	2930.000
272.000	2970.000
272.100	3020.000
272.200	3020.000
272.300	2980.000
272.400	2930.000
272.500	2910.000
272.600	2900.000
272.700	2970.000
272.800	2980.000
272.900	2990.000
273.000	3000.000
273.100	2950.000
273.200	2950.000
273.300	2940.000
273.400	2970.000
273.500	3080.000
273.600	2980.000
273.700	2960.000
273.800	2940.000
273.900	2940.000
274.000	2940.000
274.100	2990.000
274.200	3020.000
274.300	2990.000
274.400	2940.000
274.500	2950.000
274.600	2910.000
274.700	2940.000
274.800	2990.000
274.900	2990.000
275.000	2980.000
275.100	2930.000
275.200	2890.000
275.300	2940.000
275.400	2950.000
275.500	3020.000
275.600	-4080.000
275.700	-4810.000
275.800	-4810.000
275.900	-4540.000
276.000	-2450.000
276.100	1590.000
276.200	2500.000
276.300	2700.000
276.400	2670.000
276.500	2660.000
276.600	2630.000
276.700	2580.000
276.800	2630.000
276.900	2600.000
277.000	2630.000
277.100	2630.000
277.200	2650.000
277.300	2650.000
277.400	2660.000
277.500	2580.000
277.600	2570.000
277.700	2530.000
277.800	2520.000
277.900	2550.000
278.000	2530.000
278.100	2540.000
278.200	2570.000
278.300	2590.000
278.400	2600.000
278.500	2600.000
278.600	2620.000
278.700	2600.000
278.800	2540.000
278.900	2520.000
279.000	2520.000
279.100	2520.000
279.200	2520.000
279.300	2560.000
279.400	2550.000
279.500	2590.000
279.600	2590.000
279.700	2600.000
279.800	2600.000
279.900	2600.000
280.000	2560.000
280.100	2530.000
280.200	2540.000
280.300	2520.000
280.400	2530.000
280.500	2510.000
280.600	2520.000
280.700	2590.000
280.800	2590.000
280.900	2580.000
281.000	2640.000
281.100	2630.000
281.200	2560.000
281.300	2530.000
281.400	2520.000
281.500	2530.000
281.600	2510.000
281.700	2520.000
281.800	2540.000
281.900	2560.000
282.000	2610.000
282.100	2570.000
282.200	2630.000
282.300	2620.000
282.400	2570.000
282.500	2530.000
282.600	2500.000
282.700	2530.000
282.800	2510.000
282.900	2530.000
283.000	2520.000
283.100	2590.000
283.200	2620.000
283.300	2610.000
283.400	2620.000
283.500	2620.000
283.600	2600.000
283.700	2540.000
283.800	2500.000
283.900	2530.000
284.000	2510.000
284.100	2470.000
284.200	2520.000
284.300	2570.000
284.400	2630.000
284.500	2590.000
284.600	2600.000
284.700	2630.000
284.800	2620.000
284.900	2500.000
285.000	2530.000
285.100	2510.000
285.200	2490.000
285.300	2530.000
285.400	2520.000
285.500	2580.000
285.600	2600.000
285.700	2580.000
285.800	2630.000
285.900	2630.000
286.000	2610.000
286.100	2560.000
286.200	2530.000
286.300	2540.000
286.400	2570.000
286.500	2520.000
286.600	2490.000
286.700	2560.000
286.800	2600.000
286.900	2630.000
287.000	2590.000
287.100	2630.000
287.200	2640.000
287.300	2580.000
287.400	2490.000
287.500	2500.000
287.600	2510.000
287.700	2540.000
287.800	2500.000
287.900	2570.000
288.000	2590.000
288.100	2600.000
288.200	2590.000
288.300	2620.000
288.400	2630.000
288.500	2570.000
288.600	2520.000
288.700	2510.000
288.800	2540.000
288.900	2470.000
289.000	2500.000
289.100	2550.000
289.200	2600.000
289.300	2630.000
289.400	2640.000
289.500	2590.000
289.600	2520.000
289.700	2510.000
289.800	2520.000
289.900	2510.000
290.000	2510.000
290.100	2530.000
290.200	2610.000
290.300	2620.000
290.400	2610.000
290.500	2630.000
290.600	2630.000
290.700	2580.000
290.800	2550.000
290.900	2500.000
291.000	2550.000
291.100	2500.000
291.200	2490.000
291.300	2540.000
291.400	2590.000
291.500	2640.000
291.600	2600.000
291.700	2610.000
291.800	2680.000
291.900	2610.000
292.000	2530.000
292.100	2500.000
292.200	2520.000
292.300	2500.000
292.400	2500.000
292.500	2530.000
292.600	2600.000
292.700	2600.000
292.800	2620.000
292.900	2570.000
293.000	2600.000
293.100	2630.000
293.200	2560.000
293.300	2490.000
293.400	2510.000
293.500	2500.000
293.600	2500.000
293.700	2490.000
293.800	2570.000
293.900	2620.000
294.000	2610.000
294.100	2590.000
294.200	2660.000
294.300	2610.000
294.400	2590.000
294.500	2480.000
294.600	2510.000
294.700	2550.000
294.800	2500.000
294.900	2510.000
295.000	2560.000
295.100	2660.000
295.200	2610.000
295.300	2590.000
295.400	2650.000
295.500	2650.000
295.600	2590.000
295.700	2510.000
295.800	2510.000
295.900	2540.000
296.000	2540.000
296.100	2500.000
296.200	2520.000
296.300	2640.000
296.400	2620.000
296.500	2590.000
296.600	2600.000
296.700	2640.000
296.800	2610.000
296.900	2530.000
297.000	2500.000
297.100	2550.000
297.200	2520.000
297.300	2500.000
297.400	2540.000
297.500	2610.000
297.600	2630.000
297.700	2620.000
297.800	2630.000
297.900	2650.000
298.000	2670.000
298.100	2520.000
298.200	2490.000
298.300	2520.000
298.400	2500.000
298.500	2500.000
298.600	2520.000
298.700	2590.000
298.800	2610.000
298.900	2600.000
299.000	2630.000
299.100	2640.000
299.200	2640.000
299.300	2530.000
299.400	2520.000
299.500	2510.000
299.600	2520.000
299.700	2510.000
299.800	2490.000
299.900	2570.000
300.000	2690.000
300.100	2610.000
300.200	2600.000
300.300	2610.000
300.400	2630.000
300.500	2550.000
300.600	2510.000
300.700	2500.000
300.800	2500.000
300.900	2480.000
301.000	2500.000
301.100	2560.000
301.200	2650.000
301.300	2620.000
301.400	2630.000
301.500	2610.000
301.600	2660.000
301.700	2560.000
301.800	2490.000
301.900	2500.000
302.000	2530.000
302.100	2500.000
302.200	2510.000
302.300	2540.000
302.400	2620.000
302.500	2590.000
302.600	2610.000
302.700	2620.000
302.800	2620.000
302.900	2600.000
303.000	2500.000
303.100	2520.000
303.200	2500.000
303.300	2560.000
303.400	2620.000
303.500	2630.000
303.600	2590.000
303.700	2620.000
303.800	2650.000
303.900	2590.000
304.000	2490.000
304.100	2490.000
304.200	2520.000
304.300	2520.000
304.400	2510.000
304.500	2540.000
304.600	2640.000
304.700	2600.000
304.800	2600.000
304.900	2590.000
305.000	2620.000
305.100	2610.000
305.200	2510.000
305.300	2500.000
305.400	2520.000
305.500	2520.000
305.600	910.000
305.700	-3410.000
305.800	-3250.000
305.900	-2870.000
306.000	-2580.000
306.100	910.000
306.200	2030.000
306.300	2180.000
306.400	2160.000
306.500	2280.000
306.600	2240.000
306.700	2160.000
306.800	2240.000
306.900	2240.000
307.000	2140.000
307.100	2190.000
307.200	2190.000
307.300	2100.000
307.400	2110.000
307.500	2180.000
307.600	2090.000
307.700	2090.000
307.800	2180.000
307.900	2110.000
308.000	2100.000
308.100	2170.000
308.200	2170.000
308.300	2100.000
308.400	2200.000
308.500	2200.000
308.600	2080.000
308.700	2190.000
308.800	2160.000
308.900	2110.000
309.000	2120.000
309.100	2180.000
309.200	2090.000
309.300	2080.000
309.400	2170.000
309.500	2130.000
309.600	2110.000
309.700	2170.000
309.800	2160.000
309.900	2080.000
310.000	2140.000
310.100	2180.000
310.200	2090.000
310.300	2140.000
310.400	2180.000
310.500	2100.000
310.600	2110.000
310.700	2180.000
310.800	2070.000
310.900	2100.000
311.000	2150.000
311.100	2130.000
311.200	2100.000
311.300	2190.000
311.400	2180.000
311.500	2060.000
311.600	2180.000
311.700	2160.000
311.800	2110.000
311.900	2160.000
312.000	2160.000
312.100	2050.000
312.200	2120.000
312.300	2170.000
312.400	2090.000
312.500	2100.000
312.600	2170.000
312.700	2130.000
312.800	2090.000
312.900	2190.000
313.000	2180.000
313.100	2100.000
313.200	2160.000
313.300	2180.000
313.400	2030.000
313.500	2120.000
313.600	2140.000
313.700	2070.000
313.800	2150.000
313.900	2170.000
314.000	2060.000
314.100	2130.000
314.200	2170.000
314.300	2100.000
314.400	2100.000
314.500	2170.000
314.600	2120.000
314.700	2080.000
314.800	2200.000
314.900	2150.000
315.000	2130.000
315.100	2180.000
315.200	2190.000
315.300	2080.000
315.400	2140.000
315.500	2150.000
315.600	2070.000
315.700	2110.000
315.800	2170.000
315.900	2130.000
316.000	2110.000
316.100	2190.000
316.200	2130.000
316.300	2100.000
316.400	2180.000
316.500	2150.000
316.600	2100.000
316.700	2170.000
316.800	2130.000
316.900	2060.000
317.000	2160.000
317.100	2160.000
317.200	2080.000
317.300	2130.000
317.400	2230.000
317.500	2110.000
317.600	2090.000
317.700	2190.000
317.800	2150.000
317.900	2100.000
318.000	2200.000
318.100	2170.000
318.200	2090.000
318.300	2180.000
318.400	2180.000
318.500	2050.000
318.600	2150.000
318.700	2170.000
318.800	2100.000
318.900	2120.000
319.000	2180.000
319.100	2120.000
319.200	2110.000
319.300	2200.000
319.400	2150.000
319.500	2110.000
319.600	2180.000
319.700	2160.000
319.800	2050.000
319.900	2170.000
320.000	2180.000
320.100	2080.000
320.200	2130.000
320.300	2160.000
320.400	2110.000
320.500	2100.000
320.600	2180.000
320.700	2110.000
320.800	2090.000
320.900	2190.000
321.000	2150.000
321.100	2090.000
321.200	2170.000
321.300	2180.000
321.400	2060.000
321.500	2160.000
321.600	2150.000
321.700	2060.000
321.800	2100.000
321.900	2190.000
322.000	2090.000
322.100	2120.000
322.200	2180.000
322.300	2130.000
322.400	2120.000
322.500	2180.000
322.600	2110.000
322.700	2130.000
322.800	2200.000
322.900	2130.000
323.000	2130.000
323.100	2190.000
323.200	2170.000
323.300	2100.000
323.400	2200.000
323.500	2160.000
323.600	2080.000
323.700	2140.000
323.800	2140.000
323.900	2060.000
324.000	2120.000
324.100	2170.000
324.200	2090.000
324.300	2160.000
324.400	2150.000
324.500	2170.000
324.600	2120.000
324.700	2200.000
324.800	2140.000
324.900	2110.000
325.000	2150.000
325.100	2110.000
325.200	2070.000
325.300	2130.000
325.400	2120.000
325.500	2090.000
325.600	2150.000
325.700	2150.000
325.800	2120.000
325.900	2100.000
326.000	2200.000
326.100	2160.000
326.200	2100.000
326.300	2180.000
326.400	2170.000
326.500	2090.000
326.600	2130.000
326.700	2180.000
326.800	2060.000
326.900	2140.000
327.000	2150.000
327.100	2060.000
327.200	2140.000
327.300	2210.000
327.400	2150.000
327.500	2130.000
327.600	2210.000
327.700	2140.000
327.800	2110.000
327.900	2180.000
328.000	2180.000
328.100	2070.000
328.200	2160.000
328.300	2160.000
328.400	2070.000
328.500	2130.000
328.600	2170.000
328.700	2140.000
328.800	2110.000
328.900	2210.000
329.000	2170.000
329.100	2160.000
329.200	2180.000
329.300	2170.000
329.400	2080.000
329.500	2140.000
329.600	2190.000
329.700	2070.000
329.800	2170.000
329.900	2160.000
330.000	2070.000
330.100	2120.000
330.200	2190.000
330.300	2120.000
330.400	2140.000
330.500	2170.000
330.600	2090.000
330.700	2120.000
330.800	2170.000
330.900	2130.000
331.000	2130.000
331.100	2210.000
331.200	2160.000
331.300	2100.000
331.400	2190.000
331.500	2160.000
331.600	2070.000
331.700	2170.000
331.800	2160.000
331.900	2070.000
332.000	2110.000
332.100	2170.000
332.200	2110.000
332.300	2120.000
332.400	2180.000
332.500	2140.000
332.600	2120.000
332.700	2190.000
332.800	2180.000
332.900	2090.000
333.000	2180.000
333.100	2150.000
333.200	2060.000
333.300	2120.000
333.400	2160.000
333.500	2060.000
333.600	2150.000
333.700	2170.000
333.800	2110.000
333.900	2140.000
334.000	2200.000
334.100	2170.000
334.200	2130.000
334.300	2210.000
334.400	2180.000
334.500	2090.000
334.600	2150.000
334.700	2170.000
334.800	2070.000
334.900	2120.000
335.000	2170.000
335.100	2080.000
335.200	2140.000
335.300	2170.000
335.400	2150.000
335.500	2160.000
335.600	2200.000
335.700	-2470.000
335.800	-2160.000
335.900	-1640.000
336.000	-1750.000
336.100	930.000
336.200	1200.000
336.300	1660.000
336.400	1700.000
336.500	1740.000
336.600	1710.000
336.700	1740.000
336.800	1700.000
336.900	1730.000
337.000	1710.000
337.100	1660.000
337.200	1720.000
337.300	1650.000
337.400	1710.000
337.500	1680.000
337.600	1700.000
337.700	1690.000
337.800	1700.000
337.900	1700.000
338.000	1670.000
338.100	1700.000
338.200	1650.000
338.300	1700.000
338.400	1650.000
338.500	1680.000
338.600	1690.000
338.700	1690.000
338.800	1670.000
338.900	1700.000
339.000	1680.000
339.100	1690.000
339.200	1690.000
339.300	1640.000
339.400	1710.000
339.500	1620.000
339.600	1680.000
339.700	1650.000
339.800	1680.000
339.900	1670.000
340.000	1690.000
340.100	1680.000
340.200	1700.000
340.300	1670.000
340.400	1660.000
340.500	1690.000
340.600	1640.000
340.700	1700.000
340.800	1620.000
340.900	1700.000
341.000	1650.000
341.100	1700.000
341.200	1660.000
341.300	1700.000
341.400	1670.000
341.500	1690.000
341.600	1660.000
341.700	1650.000
341.800	1720.000
341.900	1640.000
342.000	1690.000
342.100	1620.000
342.200	1720.000
342.300	1660.000
342.400	1710.000
342.500	1620.000
342.600	1710.000
342.700	1670.000
342.800	1670.000
342.900	1740.000
343.000	1640.000
343.100	1680.000
343.200	1680.000
343.300	1710.000
343.400	1680.000
343.500	1690.000
343.600	1670.000
343.700	1700.000
343.800	1670.000
343.900	1700.000
344.000	1680.000
344.100	1660.000
344.200	1720.000
344.300	1640.000
344.400	1700.000
344.500	1630.000
344.600	1700.000
344.700	1680.000
344.800	1700.000
344.900	1670.000
345.000	1720.000
345.100	1680.000
345.200	1710.000
345.300	1660.000
345.400	1660.000
345.500	1680.000
345.600	1660.000
345.700	1750.000
345.800	1660.000
345.900	1710.000
346.000	1670.000
346.100	1660.000
346.200	1670.000
346.300	1690.000
346.400	1690.000
346.500	1640.000
346.600	1700.000
346.700	1660.000
346.800	1700.000
346.900	1670.000
347.000	1680.000
347.100	1680.000
347.200	1690.000
347.300	1690.000
347.400	1700.000
347.500	1690.000
347.600	1660.000
347.700	1730.000
347.800	1640.000
347.900	1700.000
348.000	1660.000
348.100	1710.000
348.200	1680.000
348.300	1700.000
348.400	1660.000
348.500	1710.000
348.600	1680.000
348.700	1680.000
348.800	1690.000
348.900	1660.000
349.000	1710.000
349.100	1680.000
349.200	1700.000
349.300	1650.000
349.400	1680.000
349.500	1660.000
349.600	1690.000
349.700	1680.000
349.800	1670.000
349.900	1680.000
350.000	1660.000
350.100	1690.000
350.200	1640.000
350.300	1690.000
350.400	1660.000
350.500	1680.000
350.600	1660.000
350.700	1690.000
350.800	1660.000
350.900	1720.000
351.000	1680.000
351.100	1680.000
351.200	1680.000
351.300	1660.000
351.400	1710.000
351.500	1650.000
351.600	1700.000
351.700	1650.000
351.800	1670.000
351.900	1680.000
352.000	1710.000
352.100	1680.000
352.200	1700.000
352.300	1640.000
352.400	1670.000
352.500	1700.000
352.600	1650.000
352.700	1700.000
352.800	1670.000
352.900	1720.000
353.000	1670.000
353.100	1690.000
353.200	1690.000
353.300	1710.000
353.400	1700.000
353.500	1660.000
353.600	1690.000
353.700	1650.000
353.800	1730.000
353.900	1640.000
354.000	1710.000
354.100	1670.000
354.200	1720.000
354.300	1680.000
354.400	1700.000
354.500	1660.000
354.600	1680.000
354.700	1710.000
354.800	1640.000
354.900	1720.000
355.000	1640.000
355.100	1690.000
355.200	1680.000
355.300	1690.000
355.400	1670.000
355.500	1710.000
355.600	1680.000
355.700	1700.000
355.800	1690.000
355.900	1660.000
356.000	1710.000
356.100	1650.000
356.200	1700.000
356.300	1660.000
356.400	1710.000
356.500	1680.000
356.600	1690.000
356.700	1680.000
356.800	1690.000
356.900	1700.000
357.000	1690.000
357.100	1690.000
357.200	1640.000
357.300	1720.000
357.400	1640.000
357.500	1700.000
357.600	1670.000
357.700	1710.000
357.800	1680.000
357.900	1710.000
358.000	1680.000
358.100	1700.000
358.200	1690.000
358.300	1680.000
358.400	1700.000
358.500	1620.000
358.600	1730.000
358.700	1650.000
358.800	1680.000
358.900	1690.000
359.000	1700.000
359.100	1690.000
359.200	1710.000
359.300	1680.000
359.400	1660.000
359.500	1750.000
359.600	1650.000
359.700	1710.000
359.800	1600.000
359.900	1690.000
360.000	1660.000
360.100	1700.000
360.200	1680.000
360.300	1700.000
360.400	1680.000
360.500	1680.000
360.600	1690.000
360.700	1660.000
360.800	1710.000
360.900	1680.000
361.000	1680.000
361.100	1660.000
361.200	1700.000
361.300	1680.000
361.400	1700.000
361.500	1680.000
361.600	1690.000
361.700	1710.000
361.800	1660.000
361.900	1710.000
362.000	1500.000
362.100	1730.000
362.200	1650.000
362.300	1690.000
362.400	1660.000
362.500	1690.000
362.600	1690.000
362.700	1680.000
362.800	1690.000
362.900	1670.000
363.000	1690.000
363.100	1650.000
363.200	1690.000
363.300	1670.000
363.400	1680.000
363.500	1650.000
363.600	1700.000
363.700	1680.000
363.800	1700.000
363.900	1680.000
364.000	1700.000
364.100	1700.000
364.200	1670.000
364.300	1700.000
364.400	1660.000
364.500	1700.000
364.600	1650.000
364.700	1690.000
364.800	1680.000
364.900	1660.000
365.000	1680.000
365.100	1690.000
365.200	1680.000
365.300	1680.000
365.400	1680.000
365.500	1660.000
365.600	1720.000
365.700	880.000
365.800	-2780.000
365.900	880.000
366.000	-1800.000
366.100	890.000
366.200	880.000
366.300	880.000
366.400	1280.000
366.500	1340.000
366.600	1310.000
366.700	1290.000
366.800	1290.000
366.900	1300.000
367.000	1280.000
367.100	1300.000
367.200	1270.000
367.300	1250.000
367.400	1280.000
367.500	1290.000
367.600	1280.000
367.700	1250.000
367.800	1320.000
367.900	1260.000
368.000	1290.000
368.100	1260.000
368.200	1280.000
368.300	1260.000
368.400	1300.000
368.500	1270.000
368.600	1270.000
368.700	1250.000
368.800	1300.000
368.900	1260.000
369.000	1280.000
369.100	1270.000
369.200	1290.000
369.300	1250.000
369.400	1270.000
369.500	1270.000
369.600	1290.000
369.700	1250.000
369.800	1270.000
369.900	1280.000
370.000	1300.000
370.100	1260.000
370.200	1300.000
370.300	1250.000
370.400	1280.000
370.500	1270.000
370.600	1300.000
370.700	1290.000
370.800	1280.000
370.900	1270.000
371.000	1280.000
371.100	1300.000
371.200	1280.000
371.300	1300.000
371.400	1300.000
371.500	1270.000
371.600	1270.000
371.700	1260.000
371.800	1300.000
371.900	1260.000
372.000	1270.000
372.100	1270.000
372.200	1290.000
372.300	1280.000
372.400	1280.000
372.500	1260.000
372.600	1280.000
372.700	1270.000
372.800	1280.000
372.900	1270.000
373.000	1280.000
373.100	1280.000
373.200	1290.000
373.300	1280.000
373.400	1280.000
373.500	1280.000
373.600	1320.000
373.700	1280.000
373.800	1280.000
373.900	1280.000
374.000	1310.000
374.100	1280.000
374.200	1280.000
374.300	1260.000
374.400	1280.000
374.500	1300.000
374.600	1280.000
374.700	1280.000
374.800	1280.000
374.900	1280.000
375.000	1280.000
375.100	1280.000
375.200	1280.000
375.300	1280.000
375.400	1280.000
375.500	1280.000
375.600	1300.000
375.700	1260.000
375.800	1280.000
375.900	1290.000
376.000	1290.000
376.100	1270.000
376.200	1300.000
376.300	1280.000
376.400	1270.000
376.500	1270.000
376.600	1300.000
376.700	1260.000
376.800	1260.000
376.900	1300.000
377.000	1290.000
377.100	1250.000
377.200	1250.000
377.300	1270.000
377.400	1310.000
377.500	1240.000
377.600	1270.000
377.700	1260.000
377.800	1270.000
377.900	1250.000
378.000	1260.000
378.100	1250.000
378.200	1270.000
378.300	1280.000
378.400	1280.000
378.500	1270.000
378.600	1270.000
378.700	1280.000
378.800	1290.000
378.900	1270.000
379.000	1290.000
379.100	1290.000
379.200	1310.000
379.300	1280.000
379.400	1280.000
379.500	1250.000
379.600	1280.000
379.700	1270.000
379.800	1300.000
379.900	1250.000
380.000	1290.000
380.100	1270.000
380.200	1310.000
380.300	1260.000
380.400	1300.000
380.500	1260.000
380.600	1290.000
380.700	1260.000
380.800	1290.000
380.900	1260.000
381.000	1290.000
381.100	1280.000
381.200	1300.000
381.300	1270.000
381.400	1300.000
381.500	1270.000
381.600	1250.000
381.700	1270.000
381.800	1310.000
381.900	1310.000
382.000	1280.000
382.100	1290.000
382.200	1290.000
382.300	1280.000
382.400	1280.000
382.500	1280.000
382.600	1260.000
382.700	1290.000
382.800	1270.000
382.900	1270.000
383.000	1280.000
383.100	1300.000
383.200	1280.000
383.300	1280.000
383.400	1270.000
383.500	1280.000
383.600	1270.000
383.700	1290.000
383.800	1280.000
383.900	1270.000
384.000	1300.000
384.100	1280.000
384.200	1270.000
384.300	1280.000
384.400	1320.000
384.500	1290.000
384.600	1300.000
384.700	1280.000
384.800	1280.000
384.900	1260.000
385.000	1270.000
385.100	1270.000
385.200	1270.000
385.300	1280.000
385.400	1290.000
385.500	1280.000
385.600	1280.000
385.700	1290.000
385.800	1290.000
385.900	1290.000
386.000	1280.000
386.100	1290.000
386.200	1310.000
386.300	1290.000
386.400	1270.000
386.500	1280.000
386.600	1300.000
386.700	1220.000
386.800	1310.000
386.900	1270.000
387.000	1280.000
387.100	1280.000
387.200	1290.000
387.300	1280.000
387.400	1300.000
387.500	1270.000
387.600	1270.000
387.700	1260.000
387.800	1280.000
387.900	1330.000
388.000	1280.000
388.100	1230.000
388.200	1290.000
388.300	1310.000
388.400	1280.000
388.500	1270.000
388.600	1270.000
388.700	1260.000
388.800	1280.000
388.900	1290.000
389.000	1250.000
389.100	1290.000
389.200	1250.000
389.300	1290.000
389.400	1270.000
389.500	1250.000
389.600	1240.000
389.700	1280.000
389.800	1230.000
389.900	1290.000
390.000	1270.000
390.100	1280.000
390.200	1270.000
390.300	1270.000
390.400	1270.000
390.500	1230.000
390.600	1310.000
390.700	1300.000
390.800	1260.000
390.900	1260.000
391.000	1280.000
391.100	1270.000
391.200	1230.000
391.300	1270.000
391.400	1270.000
391.500	1290.000
391.600	1290.000
391.700	1270.000
391.800	1290.000
391.900	1310.000
392.000	1280.000
392.100	1290.000
392.200	1270.000
392.300	1290.000
392.400	1250.000
392.500	1290.000
392.600	1270.000
392.700	1290.000
392.800	1280.000
392.900	1290.000
393.000	1270.000
393.100	1300.000
393.200	1290.000
393.300	1290.000
393.400	1240.000
393.500	1300.000
393.600	1280.000
393.700	1280.000
393.800	1250.000
393.900	1270.000
394.000	1310.000
394.100	1300.000
394.200	1280.000
394.300	1280.000
394.400	1280.000
394.500	1260.000
394.600	1280.000
394.700	1260.000
394.800	1240.000
394.900	1300.000
395.000	1290.000
395.100	1290.000
395.200	1260.000
395.300	1310.000
395.400	1240.000
395.500	0.000
395.600	980.000
395.700	1020.000
395.800	1180.000
395.900	1170.000
396.000	1080.000
396.100	1070.000
396.200	1050.000
396.300	1040.000
396.400	1050.000
396.500	1050.000
396.600	1040.000
396.700	1040.000
396.800	1030.000
396.900	1030.000
397.000	1040.000
397.100	1040.000
397.200	1030.000
397.300	1020.000
397.400	1010.000
397.500	1030.000
397.600	1060.000
397.700	1000.000
397.800	1050.000
397.900	1040.000
398.000	1040.000
398.100	1040.000
398.200	1040.000
398.300	1030.000
398.400	1040.000
398.500	1030.000
398.600	1040.000
398.700	930.000
398.800	920.000
398.900	930.000
399.000	940.000
399.100	920.000
399.200	930.000
399.300	920.000
399.400	890.000
399.500	920.000
399.600	930.000
399.700	920.000
399.800	920.000
399.900	930.000
400.000	930.000
400.100	920.000
400.200	940.000
400.300	940.000
400.400	920.000
400.500	920.000
400.600	940.000
400.700	950.000
400.800	920.000
400.900	920.000
401.000	930.000
401.100	930.000
401.200	910.000
401.300	940.000
401.400	920.000
401.500	930.000
401.600	940.000
401.700	910.000
401.800	930.000
401.900	920.000
402.000	930.000
402.100	940.000
402.200	940.000
402.300	930.000
402.400	940.000
402.500	920.000
402.600	920.000
402.700	920.000
402.800	950.000
402.900	930.000