2230.00
2220.00
2230.00
2220.00
2230.00
2220.00
2220.00
2210.00
2190.00
2190.00
2180.00
2170.00
2180.00
2200.00
2200.00
2200.00
2200.00
2200.00
2190.00
2180.00
2190.00
2200.00
2230.00
2220.00
2220.00
2300.00
2210.00
2190.00
2230.00
2220.00
2180.00
2210.00
2230.00
2220.00
2240.00
2230.00
2220.00
2230.00
2220.00
2220.00
2220.00
2220.00
2220.00
2590.00
2500.00
2500.00
2510.00
2550.00
3030.00
2500.00
2480.00
2500.00
2480.00
2470.00
5480.00
7940.00
15430.00
16060.00
16960.00
23970.00
22440.00
19260.00
18520.00
18540.00
18510.00
18570.00
18630.00
18650.00
18660.00
18690.00
16910.00
8550.00
4780.00
4720.00
5150.00
5130.00
5310.00
5260.00
4480.00
4260.00
3250.00
3240.00
3960.00
5250.00
5340.00
5170.00
4810.00
4750.00
4760.00
4560.00
4470.00
4550.00
4320.00
4000.00
4240.00
3220.00
3380.00
3770.00
4580.00
4790.00
4600.00
4450.00
4650.00
4350.00
4430.00
4490.00
4210.00
4270.00
4400.00
4100.00
4210.00
4310.00
4350.00
4400.00
3990.00
3780.00
4760.00
3240.00
3580.00
4310.00
3780.00
3550.00
3410.00
3380.00
3410.00
3390.00
4560.00
5690.00
4630.00
2500.00
3370.00
3420.00
3330.00
3560.00
3390.00
4190.00
4010.00
3480.00
3530.00
3620.00
3390.00
3440.00
3390.00
3030.00
3470.00
3300.00
3300.00
3440.00
15280.00
14060.00
14030.00
17240.00
14200.00
8080.00
2450.00
4170.00
4730.00
4570.00
3560.00
2920.00
2880.00
2880.00
2950.00
2860.00
2860.00
2990.00
2880.00
2870.00
2880.00
3390.00
3470.00
3510.00
3060.00
2840.00
2810.00
2770.00
2840.00
2830.00
2930.00
2940.00
2880.00
3070.00
2900.00
2810.00
2800.00
2990.00
2910.00
2980.00
3410.00
3320.00
3080.00
3010.00
2910.00
2840.00
3100.00
3090.00
3080.00
3060.00
2870.00
2860.00
2850.00
2850.00
2820.00
2840.00
2860.00
2850.00
2940.00
2870.00
3590.00
22220.00
21120.00
19710.00
18930.00
18570.00
18520.00
18480.00
18520.00
18570.00
16290.00
8230.00
2980.00
3010.00
3100.00
3340.00
3420.00
3580.00
3470.00
16770.00
14180.00
14250.00
14200.00
14260.00
14260.00
13880.00
14540.00
15670.00
13180.00
9880.00
7230.00
7500.00
2190.00
2280.00
2240.00
2190.00
2190.00
2180.00
2190.00
2190.00
7710.00
2820.00
2750.00
2770.00
3580.00
2180.00
2230.00
2160.00
2230.00
2190.00
2150.00
2190.00
2200.00
2170.00
2180.00
2180.00
2200.00
2180.00
2180.00
2180.00
2180.00
2190.00
2190.00
2180.00
2180.00
2190.00
2180.00
2200.00
2190.00
2190.00
2190.00
2210.00
2200.00
2210.00
2180.00
2200.00
2210.00
2200.00
2200.00
2200.00
2190.00
2220.00
2190.00
2200.00
2190.00
2190.00
2180.00
2190.00
2180.00
2170.00
2180.00
2180.00
2190.00
2180.00
2190.00
2190.00
2180.00
2180.00
2180.00
2190.00
2200.00
2190.00
2180.00
2190.00
2180.00
2190.00
2180.00
2180.00
2190.00
2190.00
2190.00
2190.00
2190.00
2190.00
2190.00
2190.00
2200.00
2160.00
2180.00
2210.00
2220.00
2230.00
2240.00
2300.00
2220.00
2190.00
2230.00
2220.00
2200.00
2190.00
2190.00
2220.00
2200.00
2210.00
2200.00
2210.00
2220.00
2220.00
2200.00
2190.00
2200.00
2200.00
2730.00
2480.00
2490.00
2510.00
2510.00
2990.00
2480.00
2460.00
2470.00
2470.00
2470.00
4580.00
7620.00
16970.00
15520.00
17970.00
23250.00
22120.00
18850.00
17900.00
18140.00
18180.00
18180.00
18230.00
18190.00
18290.00
18300.00
17780.00
11630.00
5520.00
4500.00
4820.00
5110.00
5010.00
5150.00
4960.00
3620.00
3000.00
3200.00
3280.00
5120.00
5230.00
5030.00
4980.00
4620.00
4650.00
4650.00
4330.00
4390.00
4260.00
4000.00
4730.00
3230.00
3360.00
3660.00
4390.00
4730.00
4700.00
4390.00
4470.00
4420.00
4320.00
4450.00
4210.00
4280.00
4320.00
4100.00
4210.00
4270.00
3940.00
4030.00
4080.00
3760.00
4000.00
3430.00
3310.00
4120.00
4130.00
3450.00
3370.00
3450.00
3000.00
3570.00
3360.00
7770.00
4580.00
2630.00
3150.00
3480.00
3260.00
3390.00
3470.00
4290.00
3660.00
3440.00
3540.00
3580.00
3400.00
3470.00
3040.00
3190.00
3340.00
3470.00
3270.00
7770.00
14060.00
14040.00
14090.00
15550.00
13780.00
6140.00
2520.00
4590.00
4720.00
4710.00
3530.00
3060.00
2900.00
2860.00
2790.00
2820.00
2830.00
3070.00
3000.00
2870.00
2960.00
3390.00
3440.00
3420.00
2870.00
2830.00
2870.00
2950.00
2900.00
2900.00
2870.00
2870.00
2850.00
2820.00
2850.00
2920.00
3060.00
3050.00
2970.00
3010.00
3910.00
3180.00
3010.00
2980.00
2940.00
3190.00
3230.00
3140.00
3090.00
2960.00
2880.00
2820.00
2850.00
2990.00
2880.00
2870.00
2900.00
2870.00
2830.00
2830.00
16300.00
21990.00
20680.00
19380.00
19090.00
18930.00
18850.00
18720.00
18950.00
18910.00
11530.00
4030.00
2830.00
3130.00
3270.00
3480.00
3620.00
3610.00
7950.00
14800.00
14160.00
14170.00
14230.00
14250.00
14000.00
13530.00
15280.00
15380.00
11850.00
8590.00
6130.00
2200.00
2410.00
2240.00
2240.00
2220.00
2210.00
2220.00
2210.00
2220.00
7820.00
2870.00
2820.00
2660.00
2200.00
2210.00
2240.00
2190.00
2240.00
2230.00
2210.00
2210.00
2230.00
2210.00
2200.00
2210.00
2210.00
2210.00
2220.00
2240.00
2210.00
2230.00
2200.00
2220.00
2230.00
2230.00
2230.00
2220.00
2230.00
2220.00
2220.00
2210.00
2230.00
2220.00
2210.00
2220.00
2240.00
2220.00
2230.00
2230.00
2250.00
2230.00
2240.00
2230.00
2230.00
2230.00
2230.00
2210.00
2220.00
2220.00
2220.00
2230.00
2230.00
2220.00
2210.00
2220.00
2220.00
2230.00
2210.00
2190.00
2230.00
2230.00
2220.00
2230.00
2300.00
2210.00
2200.00
2230.00
2220.00
2230.00
2210.00
2230.00
2210.00
2220.00
2220.00
2220.00
2760.00
2500.00
2490.00
2520.00
2520.00
3110.00
2500.00
2480.00
2490.00
2480.00
2480.00
5370.00
7870.00
16040.00
15880.00
17650.00
23990.00
22300.00
19190.00
18660.00
18660.00
18670.00
18550.00
18760.00
18710.00
18730.00
19130.00
18230.00
10210.00
4920.00
4760.00
5110.00
5010.00
5170.00
5200.00
4740.00
3900.00
3100.00
3310.00
3580.00
5000.00
5300.00
5220.00
4790.00
4790.00
4760.00
4520.00
4640.00
4350.00
4340.00
4120.00
4040.00
3320.00
3490.00
3580.00
4590.00
4810.00
4540.00
4610.00
4410.00
4380.00
4510.00
4240.00
4280.00
4340.00
4120.00
4170.00
4290.00
4010.00
4150.00
4040.00
3940.00
3900.00
4510.00
3300.00
3690.00
4090.00
3870.00
3610.00
3470.00
3520.00
3180.00
3420.00
3430.00
8100.00
4410.00
2670.00
2500.00
3270.00
3350.00
3490.00
3370.00
4440.00
3590.00
3440.00
3630.00
3400.00
3430.00
3610.00
3010.00
3160.00
3420.00
3260.00
3350.00
8360.00
13930.00
14060.00
14160.00
16510.00
13800.00
6410.00
2480.00
4590.00
4540.00
4460.00
3260.00
2930.00
2890.00
2920.00
2870.00
2810.00
2830.00
2980.00
2810.00
2790.00
2860.00
3240.00
3470.00
3390.00
2920.00
2880.00
2820.00
2810.00
2790.00
2880.00
3000.00
2860.00
2910.00
2960.00
2870.00
2850.00
2820.00
3010.00
2980.00
3070.00
3540.00
3300.00
3110.00
3010.00
2890.00
2930.00
3170.00
3110.00
3170.00
2990.00
2890.00
2880.00
2860.00
2830.00
2810.00
2890.00
2900.00
2990.00
2940.00
2920.00
18230.00
22150.00
20750.00
19450.00
19130.00
18970.00
19070.00
19190.00
19400.00
19230.00
11140.00
3320.00
2910.00
3090.00
3360.00
3570.00
3770.00
3830.00
3650.00
3750.00
3530.00
4140.00
16950.00
14460.00
14340.00
14430.00
14540.00
14540.00
14260.00
13940.00
15540.00
15280.00
11720.00
8920.00
6550.00
2240.00
2420.00
2280.00
2250.00
2230.00
2230.00
2220.00
2240.00
2240.00
7610.00
2860.00
2850.00
2290.00
2240.00
2240.00
2290.00
2210.00
2230.00
2240.00
2210.00
2190.00
2220.00
2210.00
2220.00
2200.00
2220.00
2210.00
2200.00
2210.00
2190.00
2210.00
2220.00
2220.00
2220.00
2210.00
2200.00
2200.00
2220.00
2220.00
2220.00
2220.00
2220.00
2230.00
2230.00
2220.00
2230.00
2250.00
2240.00
2240.00
2250.00
2220.00
2220.00
2210.00
2210.00
2220.00
2230.00
2220.00
2230.00
2220.00
2210.00
2230.00
2220.00
2220.00
2220.00