2200.00
2200.00
2200.00
2200.00
2210.00
2200.00
2200.00
2190.00
2200.00
2200.00
2210.00
2200.00
2210.00
2210.00
2210.00
2210.00
2220.00
2210.00
2220.00
2230.00
2220.00
2230.00
2220.00
2220.00
2240.00
2230.00
2230.00
2240.00
2240.00
2230.00
2230.00
2240.00
2240.00
2240.00
2240.00
2230.00
2230.00
2230.00
2240.00
2240.00
2250.00
2240.00
2240.00
2240.00
2240.00
2240.00
2240.00
2230.00
2210.00
2220.00
2210.00
2210.00
2220.00
2250.00
2230.00
2240.00
2220.00
2220.00
2220.00
2220.00
2240.00
2220.00
2220.00
2240.00
2260.00
2240.00
2240.00
2230.00
2220.00
2220.00
2220.00
2220.00
2210.00
2220.00
2220.00
2220.00
2220.00
2220.00
2220.00
2220.00
2240.00
2210.00
2220.00
2220.00
2210.00
2210.00
2220.00
2220.00
2220.00
2210.00
2210.00
2220.00
2220.00
2220.00
2240.00
2230.00
2230.00
2230.00
2220.00
2220.00
2220.00
2220.00
2230.00
2240.00
2220.00
2210.00
2210.00
2210.00
2210.00
2210.00
2220.00
2220.00
2200.00
2210.00
2210.00
2200.00
2220.00
2210.00
2220.00
2220.00
2220.00
2230.00
2230.00
2210.00
2220.00
2220.00
2230.00
2210.00
2220.00
2220.00
2220.00
2220.00
2230.00
2210.00
2200.00
2200.00
2200.00
2210.00
2210.00
2210.00
2210.00
2220.00
2230.00
2220.00
2230.00
2220.00
2220.00
2220.00
2220.00
2230.00
2220.00
2220.00
2220.00
2230.00
2220.00
2230.00
2220.00
2230.00
2230.00
2220.00
2200.00
2200.00
2190.00
2200.00
2210.00
2200.00
2200.00
2220.00
2200.00
2210.00
2210.00
2230.00
2220.00
2220.00
2220.00
2220.00
2220.00
2220.00
2220.00
2210.00
2210.00
2210.00
2210.00
2210.00
2210.00
2210.00
2220.00
2220.00
2210.00
2220.00
2230.00
2210.00
2210.00
2200.00
2200.00
2200.00
2210.00
2210.00
2220.00
2200.00
2220.00
2210.00
2200.00
2210.00
2210.00
2210.00
2210.00
2210.00
2210.00
2210.00
2200.00
2200.00
2200.00
2200.00
2190.00
2180.00
2190.00
2190.00
2170.00
2200.00
2190.00
2190.00
2200.00
2200.00
2190.00
2190.00
2180.00
2180.00
2180.00
2170.00
2170.00
2160.00
2150.00
2160.00
2170.00
2200.00
2200.00
2210.00
2210.00
2200.00
2220.00
2210.00
2220.00
2210.00
2210.00
2210.00
2200.00
2240.00
2220.00
2200.00
2200.00
2200.00
2200.00
2200.00
2200.00
2180.00
2190.00
2200.00
2180.00
2180.00
2190.00
2180.00
2190.00
2190.00
2190.00
2190.00
2190.00
2180.00
2180.00
2190.00
2180.00
2170.00
2180.00
2180.00
2190.00
2190.00
2190.00
2190.00
2190.00
2190.00
2200.00
2200.00
2200.00
2220.00
2210.00
2210.00
2220.00
2210.00
2220.00
2200.00
2210.00
2210.00
2210.00
2210.00
2220.00
2210.00
2210.00
2200.00
2190.00
2200.00
2210.00
2190.00
2190.00
2210.00
2210.00
2210.00
2220.00
2210.00
2210.00
2200.00
2200.00
2200.00
2200.00
2200.00
2180.00
2190.00
2180.00
2190.00
2180.00
2190.00
2190.00
2190.00
2200.00
2190.00
2220.00
2200.00
2200.00
2190.00
2200.00
2190.00
2200.00
2190.00
2200.00
2200.00
2200.00
2200.00
2200.00
2200.00
2210.00
2210.00
2210.00
2220.00
2220.00
2210.00
2200.00
2200.00
2210.00
2210.00
2210.00
2210.00
2220.00
2190.00
2210.00
2210.00
2200.00
2210.00
2210.00
2210.00
2210.00
2210.00
2200.00
2190.00
2210.00
2200.00
2210.00
2210.00
2210.00
2200.00
2210.00
2200.00
2200.00
2200.00
2180.00
2210.00
2190.00
2200.00
2210.00
2210.00
2210.00
2210.00
2200.00
2200.00
2190.00
2200.00
2200.00
2190.00
2210.00
2200.00
2210.00
2210.00
2220.00
2240.00
2280.00
2230.00
2180.00
2220.00
2230.00
2210.00
2210.00
2200.00
2210.00
2220.00
2210.00
2210.00
2220.00
2230.00
2210.00
2230.00
2230.00
2220.00
2220.00
2220.00
2230.00
2200.00
2200.00
2190.00
2200.00
2210.00
2200.00
2200.00
2200.00
2180.00
2190.00
2190.00
2190.00
2200.00
2200.00
2200.00
2210.00
2200.00
2200.00
2190.00
2190.00
2200.00
2200.00
2200.00
2200.00
2210.00
2200.00
2190.00
2190.00
2200.00
4150.00
7440.00
10710.00
14900.00
19080.00
3320.00
2490.00
2430.00
2400.00
2450.00
2400.00
2430.00
2370.00
2380.00
2340.00
2350.00
2370.00
2360.00
2380.00
2390.00
2410.00
2400.00
2410.00
2390.00
2390.00
2380.00
2390.00
2380.00
2410.00
2390.00
2420.00
2400.00
2400.00
2370.00
2390.00
2340.00
2330.00
2350.00
2340.00
2370.00
2360.00
2350.00
2370.00
2380.00
2360.00
2380.00
2360.00
2380.00
2370.00
2390.00
2380.00
2370.00
2350.00
2390.00
2360.00
2430.00
2400.00
2420.00
2390.00
2400.00
2330.00
2340.00
2330.00
2340.00
2340.00
2360.00
2370.00
2370.00
2370.00
2360.00
2360.00
2350.00
2370.00
2350.00
2380.00
2380.00
2410.00
2370.00
2400.00
2370.00
2370.00
2360.00
2350.00
2340.00
2300.00
2340.00
2340.00
2350.00
2390.00
2370.00
2370.00
2390.00
2340.00
2370.00
2370.00
2380.00
2370.00
2420.00
2360.00
2430.00
2370.00
2370.00
2340.00
2330.00
2300.00
2410.00
2360.00
2350.00
2310.00
2330.00
2360.00
2330.00
2370.00
2370.00
2350.00
2360.00
2360.00
2350.00
2360.00
2310.00
2380.00
2350.00
2360.00
2360.00
2380.00
2350.00
2380.00
2360.00
2370.00
2350.00
2360.00
2340.00
2330.00
2390.00
2360.00
2390.00
2390.00
2390.00
2370.00
2410.00
2350.00
2360.00
2380.00
2420.00
2370.00
2410.00
2400.00
2400.00
2370.00
2430.00
2350.00
2390.00
2360.00
2350.00
2370.00
2370.00
2380.00
2340.00
2360.00
2360.00
2360.00
2380.00
2420.00
2380.00
2400.00
2350.00
2410.00
2340.00
2410.00
2400.00
2420.00
2390.00
2450.00
2380.00
2400.00
2350.00
2360.00
2360.00
2360.00
2370.00
2380.00
2390.00
2400.00
2360.00
2390.00
2370.00
2370.00
2390.00
2360.00
2410.00
2390.00
2440.00
2370.00
2430.00
2390.00
2390.00
2370.00
2430.00
2400.00
2400.00
2360.00
2400.00
2370.00
2370.00
2340.00
2350.00
2390.00
2400.00
2380.00
2400.00
2370.00
2370.00
2380.00
2380.00
2410.00
2380.00
2410.00
2410.00
2440.00
2380.00
2420.00
2380.00
2390.00
2380.00
2340.00
2380.00
2360.00
2360.00
2370.00
2390.00
2370.00
2380.00
2390.00
2380.00
2360.00
2390.00
2370.00
2400.00
2370.00
2390.00
2360.00
2440.00
2390.00
2410.00
2380.00
2410.00
2360.00
2360.00
2350.00
2350.00
2400.00
2370.00
2390.00
2380.00
2390.00
2390.00
2400.00
2360.00
2380.00
2360.00
2400.00
2360.00
2420.00
2390.00
2430.00
2390.00
2340.00
2340.00
2360.00
2320.00
2340.00
2410.00
2360.00
2370.00
2390.00
2350.00
2380.00
2370.00
2320.00
2350.00
2350.00
2350.00
2370.00
2410.00
2350.00
2370.00
2350.00
2380.00
2410.00
2440.00
2400.00
2440.00
2380.00
2370.00
2370.00
2350.00
2380.00
2330.00
2410.00
2410.00
2350.00
2400.00
2380.00
2350.00
2410.00
2370.00
2420.00
2390.00
2430.00
2360.00
2440.00
2370.00
2400.00
2370.00
2370.00
2310.00
2340.00
2370.00
2380.00
2410.00
2390.00
2370.00
2390.00
2400.00
2380.00
2400.00
2410.00
2450.00
2400.00
2450.00
2390.00
2450.00
2400.00
2440.00
2420.00
2460.00
2400.00
2440.00
2380.00
2410.00
2390.00
2340.00
2380.00
2370.00
2390.00
2400.00
2410.00
2400.00
2410.00
2430.00
2400.00
2380.00
2420.00
2410.00
2430.00
2400.00
2450.00
2400.00
2420.00
2390.00
2390.00
2370.00
2370.00
2360.00
2370.00
2400.00
2380.00
2400.00
2410.00
2400.00
2390.00
2410.00
2370.00
2420.00
2410.00
2460.00
2430.00
2480.00
2410.00
2440.00
2430.00
2430.00
2430.00
2430.00
2400.00
2400.00
2370.00
2380.00
2400.00
2380.00
2410.00
2410.00
2420.00
2420.00
2410.00
2430.00
2410.00
2380.00
2440.00
2390.00
2450.00
2410.00
2440.00
2410.00
2430.00
2380.00
2420.00
2400.00
2390.00
2410.00
2400.00
2390.00
2400.00
2410.00
2380.00
2390.00
2380.00
2370.00
2370.00
2380.00
2370.00
2410.00
2380.00
2370.00
2370.00
2410.00
2360.00
2420.00
2370.00
2400.00
2340.00
2370.00
2350.00
2360.00
2380.00
2400.00
2430.00
2400.00
2400.00
2390.00
2400.00
2380.00
2390.00
2380.00
2400.00
2380.00
2390.00
2430.00
2440.00
2400.00
2430.00
2390.00
12640.00
20270.00
22430.00
19890.00
18840.00
18560.00
9830.00
3000.00
2720.00
2720.00
2700.00
2670.00
2730.00
2750.00
2780.00
2720.00
2750.00
2730.00
2730.00
2700.00
2720.00
2730.00
2720.00
2720.00
2690.00
2720.00
2740.00
2740.00
2750.00
2790.00
2850.00
2830.00
2880.00
2810.00
2790.00
2740.00
2740.00
2720.00
2770.00
2750.00
2740.00
2730.00
2740.00
2740.00
2730.00
2750.00
2730.00
2760.00
2780.00
2720.00
2820.00
2890.00
2920.00
2880.00
2850.00
2790.00
2770.00
2770.00
2780.00
2720.00
2760.00
2770.00
2690.00
2750.00
2690.00
2710.00
2730.00
2750.00
2740.00
2760.00
2780.00
2710.00
2700.00
2740.00
2750.00
2780.00
2830.00
2870.00
2900.00
2890.00
2850.00
2810.00
2760.00
2750.00
2730.00
2730.00
2770.00
2730.00
2710.00
2750.00
2710.00
2650.00
2720.00
2740.00
2760.00
2760.00
2800.00
2820.00
2860.00
2910.00
2880.00
2830.00
2790.00
2760.00
2740.00
2740.00
2740.00
2750.00
2710.00
2740.00
2720.00
2700.00
2710.00
2720.00
2740.00
2740.00
2780.00
2750.00
2800.00
2730.00
2780.00
2760.00
2790.00
2880.00
2880.00
2890.00
2900.00
2800.00
2780.00
2730.00
2750.00
2780.00
2750.00
2720.00
2700.00
2740.00
2700.00
2690.00
2700.00
2710.00
2700.00
2770.00
2780.00
2810.00
2860.00
2900.00
2870.00
2850.00
2790.00
2750.00
2750.00
2750.00
2760.00
2750.00
2730.00
2730.00
2720.00
2710.00
2700.00
2710.00
2740.00
2750.00
2760.00
2760.00
2730.00
2740.00
2760.00
2780.00
2800.00
2860.00
2900.00
2880.00
2880.00
2840.00
2790.00
2780.00
2780.00
2760.00
2760.00
2740.00
2770.00
2740.00
2730.00
2690.00
2670.00
2700.00
2760.00
2750.00
2760.00
2800.00
2850.00
2890.00
2910.00
2900.00
2830.00
2770.00
2800.00
2730.00
2740.00
2750.00
2720.00
2770.00
2750.00
2740.00
2700.00
2710.00
2720.00
2740.00
2740.00
2750.00
2710.00
2730.00
2730.00
2760.00
2780.00
2830.00
2880.00
2920.00
2890.00
2840.00
2780.00
2770.00
2700.00
2770.00
2760.00
2740.00
2740.00
2710.00
2710.00
2700.00
2700.00
2700.00
2720.00
2730.00
2750.00
2770.00
2800.00
2850.00
2880.00
2880.00
2820.00
2770.00
2730.00
2720.00
2720.00
2730.00
2720.00
2720.00
2720.00
2690.00
2690.00
2660.00
2710.00
2700.00
2710.00
2730.00
2740.00
2770.00
2830.00
2890.00
2750.00
2760.00
2810.00
2820.00
2870.00
2850.00
2800.00
2740.00
2740.00
2740.00
2730.00
2700.00
2720.00
2720.00
2760.00
2690.00
2700.00
2680.00
2680.00
2750.00
2750.00
2790.00
2760.00
2810.00
2870.00
2870.00
2860.00
2810.00
2760.00
2750.00
2740.00
2750.00
2710.00
2690.00
2710.00
2690.00
2700.00
2680.00
2670.00
2640.00
2680.00
2680.00
2690.00
2720.00
2740.00
2800.00
2840.00
2800.00
2770.00
2720.00
2720.00
2640.00
2800.00
2750.00
2740.00
2760.00
2700.00
2710.00
2740.00
2700.00
2710.00
2730.00
2700.00
2640.00
2680.00
2690.00
2700.00
2730.00
2810.00
2750.00
2820.00
2850.00
2860.00
2830.00
2760.00
2750.00
2780.00
2770.00
2730.00
2770.00
2740.00
2700.00
2700.00
2720.00
2700.00
2670.00
2680.00
2700.00
2720.00
2740.00
2790.00
2750.00
2910.00
2900.00
2870.00
2820.00
2780.00
2760.00
2750.00
2740.00
2720.00
2720.00
2710.00
2730.00
2720.00
2690.00
2700.00
2710.00
2700.00
2690.00
2680.00
2660.00
2680.00
2680.00
2760.00
2740.00
2760.00
2810.00
2890.00
2870.00
2850.00
2790.00
2750.00
2720.00
2740.00
2750.00
2750.00
2770.00
2730.00
2730.00
2710.00
2690.00
2700.00
2710.00
2730.00
2750.00
2770.00
2770.00
2790.00
2890.00
2910.00
2890.00
2780.00
2800.00
2790.00
2740.00
2740.00
2710.00
2750.00
2720.00
2700.00
2710.00
2680.00
2680.00
2710.00
2670.00
2690.00
2670.00
2670.00
2710.00
2710.00
2730.00
2730.00
2800.00
2850.00
2890.00
2860.00
2870.00
2800.00
2760.00
2720.00
2720.00
2750.00
2760.00
2730.00
2710.00
2720.00
2720.00
2690.00
2700.00
2700.00
2720.00
2730.00
2760.00
2740.00
2830.00
2870.00
2810.00
2800.00
2760.00
18450.00
22040.00
20290.00
19320.00
19130.00
19250.00
19190.00
19270.00
19160.00
19200.00
12520.00
3970.00
2390.00
2760.00
3040.00
3230.00
3460.00
3450.00
3480.00
3430.00
3590.00
3340.00
3560.00
3330.00
3340.00
3430.00
3390.00
3510.00
3280.00
3510.00
3320.00
3340.00
3430.00
3380.00
3550.00
3270.00
3490.00
3320.00
3340.00
3430.00
3350.00
3490.00
3250.00
3480.00
3290.00
3310.00
3390.00
3400.00
3500.00
3240.00
3490.00
3310.00
3360.00
3390.00
3390.00
3490.00
3240.00
3500.00
3280.00
3320.00
3360.00
3390.00
3460.00
3230.00
3450.00
3340.00
3520.00
3250.00
3510.00
3290.00
3400.00
3330.00
3380.00
3540.00
3280.00
3470.00
3340.00
3420.00
3350.00
3410.00
3550.00
3260.00
3480.00
3330.00
3400.00
3350.00
3360.00
3550.00
3350.00
3520.00
3330.00
3450.00
3280.00
3400.00
3520.00
3290.00
3510.00
3360.00
3470.00
3310.00
3360.00
3520.00
3310.00
3510.00
3320.00
3460.00
3340.00
3340.00
3530.00
3330.00
3510.00
3330.00
3450.00
3320.00
3350.00
3500.00
3350.00
3320.00
3320.00
3440.00
3310.00
3440.00
3280.00
3490.00
3330.00
3350.00
3430.00
3390.00
3490.00
3290.00
3470.00
3300.00
3250.00
3470.00
3340.00
3500.00
3250.00
3480.00
3280.00
3300.00
3380.00
3350.00
3490.00
3230.00
3470.00
3290.00
3290.00
3390.00
3330.00
3480.00
3280.00
3480.00
3300.00
3340.00
3380.00
3350.00
3500.00
3220.00
3450.00
3240.00
3310.00
3340.00
3350.00
3460.00
3220.00
3450.00
3310.00
3290.00
3330.00
3320.00
3500.00
3180.00
3430.00
3230.00
3450.00
3200.00
3400.00
3280.00
3370.00
3260.00
3250.00
3470.00
3240.00
3430.00
3250.00
3440.00
3210.00
3280.00
3450.00
3240.00
3440.00
3250.00
3440.00
3290.00
3320.00
3520.00
3340.00
3500.00
3280.00
3470.00
3290.00
3340.00
3470.00
3310.00
3470.00
3320.00
3480.00
3260.00
3320.00
3420.00
3340.00
3480.00
3230.00
3480.00
3260.00
3330.00
3400.00
3360.00
3480.00
3320.00
3430.00
3300.00
3300.00
3430.00
3390.00
3500.00
3240.00
3520.00
3300.00
3370.00
3410.00
3360.00
3490.00
3270.00
3480.00
3360.00
3560.00
3240.00
3480.00
3290.00
3360.00
3310.00
3370.00
3480.00
3270.00
3490.00
3290.00
3430.00
3260.00
3340.00
3500.00
3290.00
3430.00
3310.00
3370.00
3250.00
3300.00
3460.00
3240.00
3450.00
3260.00
3470.00
3220.00
3310.00
3440.00
3320.00
3450.00
3250.00
3490.00
3280.00
3300.00
3440.00
3310.00
3510.00
3290.00
3420.00
3270.00
3280.00
3410.00
3280.00
3470.00
3200.00
3460.00
3250.00
3290.00
3420.00
3350.00
3480.00
3220.00
3430.00
3300.00
3310.00
3360.00
3350.00
3470.00
3200.00
3430.00
3340.00
3450.00
3210.00
3430.00
3270.00
3310.00
3280.00
3320.00
3460.00
3200.00
3420.00
3250.00
3310.00
3240.00
3280.00
3360.00
3180.00
3420.00
3250.00
3370.00
3250.00
3260.00
3460.00
3240.00
3410.00
3270.00
3370.00
3280.00
3280.00
3420.00
3240.00
3470.00
3280.00
3420.00
3250.00
3280.00
3410.00
3290.00
3460.00
3250.00
3460.00
3240.00
3280.00
3400.00
3320.00
3460.00
3260.00
3460.00
3250.00
3260.00
3390.00
3370.00
3490.00
3240.00
3460.00
3270.00
3280.00
3420.00
3360.00
3490.00
3270.00
3530.00
3290.00
3340.00
3240.00
3450.00
3320.00
3360.00
3280.00
3310.00
3470.00
3240.00
3390.00
3270.00
3300.00
3210.00
3290.00
3450.00
3230.00
3430.00
3250.00
3410.00
3270.00
3330.00
3470.00
3280.00
3450.00
3240.00
3410.00
3230.00
3280.00
3450.00
3260.00
3430.00
3270.00
3470.00
3240.00
3310.00
3410.00
3290.00
3450.00
3280.00
3440.00
3270.00
3290.00
3430.00
3300.00
3480.00
3260.00
3490.00
3270.00
3290.00
3420.00
3320.00
3480.00
3230.00
3470.00
3260.00
3310.00
3340.00
3330.00
3480.00
3200.00
3460.00
3290.00
3320.00
3360.00
3480.00
3300.00
3360.00
3270.00
3340.00
3510.00
3200.00
3470.00
3270.00
3370.00
3190.00
3290.00
3490.00
3240.00
3420.00
3240.00
3390.00
3240.00
3290.00
3480.00
3260.00
3430.00
3240.00
3400.00
3230.00
3290.00
3420.00
23210.00
21230.00
19980.00
19400.00
19390.00
19240.00
19210.00
19290.00
19140.00
19010.00
19070.00
19190.00
19110.00
18890.00
17570.00
11570.00
4650.00
2590.00
2860.00
3320.00
4340.00
4530.00
4400.00
4370.00
4280.00
4260.00
4210.00
4200.00
4300.00
4390.00
4450.00
4330.00
4390.00
4340.00
4420.00
4360.00
4390.00
4340.00
4310.00
4200.00
4170.00
4160.00
4190.00
4240.00
4350.00
4400.00
4370.00
4380.00
4330.00
4250.00
4210.00
4180.00
4160.00
4180.00
4260.00
4380.00
4370.00
4370.00
4370.00
4260.00
4240.00
4190.00
4150.00
4160.00
4170.00
4300.00
4370.00
4370.00
4340.00
4350.00
4240.00
4210.00
4190.00
4150.00
4120.00
4230.00
4360.00
4440.00
4410.00
4380.00
4350.00
4250.00
4260.00
4220.00
4180.00
4170.00
4220.00
4370.00
4440.00
4390.00
4400.00
4310.00
4210.00
4400.00
4410.00
4370.00
4290.00
4240.00
4200.00
4190.00
4280.00
4250.00
4330.00
4450.00
4420.00
4400.00
4370.00
4230.00
4210.00
4220.00
4140.00
4200.00
4240.00
4330.00
4350.00
4360.00
4390.00
4280.00
4260.00
4270.00
4190.00
4150.00
4210.00
4270.00
4410.00
4360.00
4360.00
4340.00
4250.00
4250.00
4180.00
4200.00
4190.00
4190.00
4330.00
4400.00
4370.00
4390.00
4310.00
4230.00
4180.00
4180.00
4160.00
4150.00
4300.00
4390.00
4370.00
4390.00
4340.00
4260.00
4350.00
4360.00
4420.00
4300.00
4280.00
4210.00
4260.00
4210.00
4240.00
4280.00
4380.00
4400.00
4380.00
4430.00
4330.00
4240.00
4220.00
4160.00
4170.00
4200.00
4310.00
4400.00
4380.00
4380.00
4320.00
4240.00
4170.00
4180.00
4150.00
4150.00
4190.00
4310.00
4350.00
4340.00
4350.00
4280.00
4200.00
4170.00
4150.00
4080.00
4130.00
4210.00
4340.00
4370.00
4290.00
4270.00
4180.00
4180.00
4170.00
4160.00
4110.00
4180.00
4290.00
4330.00
4310.00
4100.00
4220.00
4270.00
4340.00
4290.00
4340.00
4230.00
4160.00
4100.00
4130.00
4130.00
4150.00
4310.00
4260.00
4310.00
4300.00
4310.00
4180.00
4150.00
4150.00
4140.00
4150.00
4230.00
4360.00
4390.00
4380.00
4310.00
4260.00
4180.00
4200.00
4150.00
4080.00
4130.00
4270.00
4330.00
4360.00
4320.00
4310.00
4200.00
4130.00
4230.00
4130.00
4190.00
4210.00
4340.00
4380.00
4330.00
4310.00
4270.00
4170.00
4160.00
4300.00
4280.00
4190.00
4150.00
4170.00
4120.00
4140.00
4160.00
4300.00
4330.00
4340.00
4320.00
4250.00
4190.00
4140.00
4130.00
4130.00
4120.00
4240.00
4310.00
4320.00
4350.00
4340.00
4200.00
4140.00
4130.00
4090.00
4080.00
4160.00
4260.00
4320.00
4330.00
4310.00
4190.00
4140.00
4130.00
4100.00
4110.00
4150.00
4190.00
4330.00
4350.00
4350.00
4340.00
4250.00
4170.00
4150.00
4140.00
4120.00
4160.00
4240.00
4320.00
4130.00
4140.00
4200.00
4310.00
4290.00
4270.00
4230.00
4150.00
4100.00
4090.00
4060.00
4080.00
4130.00
4230.00
4320.00
4300.00
4280.00
4250.00
4160.00
4120.00
4110.00
4070.00
4120.00
4150.00
4290.00
4300.00
4240.00
4270.00
4190.00
4140.00
4070.00
4120.00
4080.00
4110.00
4230.00
4300.00
4260.00
4280.00
4220.00
4130.00
4090.00
4090.00
4050.00
4100.00
4110.00
4250.00
4300.00
4260.00
4310.00
4130.00
4130.00
4230.00
4250.00
4220.00
4130.00
4090.00
4070.00
4080.00
4100.00
4190.00
4320.00
4350.00
4310.00
4300.00
4220.00
4130.00
4160.00
4100.00
4080.00
4050.00
4200.00
4300.00
4300.00
4280.00
4290.00
4150.00
4100.00
4090.00
4100.00
4110.00
4180.00
4290.00
4370.00
4350.00
4300.00
4200.00
4160.00
4150.00
4080.00
4110.00
4140.00
4240.00
4310.00
4260.00
4260.00
4250.00
4180.00
4150.00
4110.00
4280.00
4190.00
4160.00
4130.00
4060.00
4100.00
4130.00
4230.00
4320.00
4320.00
4310.00
4250.00
4160.00
4200.00
4130.00
4110.00
4130.00
4190.00
4290.00
4300.00
4300.00
4280.00
4210.00
4170.00
4120.00
4120.00
4120.00
4100.00
4230.00
4350.00
4320.00
4320.00
4240.00
4220.00
4190.00
4180.00
4120.00
4140.00
4160.00
4340.00
4360.00
4340.00
4300.00
4210.00
4100.00
4140.00
4110.00
4110.00
4150.00
4130.00
4120.00
4110.00
4080.00
4130.00
4280.00
4280.00
4290.00
4270.00
4200.00
4150.00
4110.00
4090.00
4040.00
4100.00
4200.00
4300.00
4280.00
4340.00
4270.00
4170.00
4130.00
4130.00
4120.00
4120.00
4210.00
4280.00
4330.00
4290.00
4300.00
4220.00
4150.00
4150.00
4090.00
4050.00
4070.00
4190.00
4290.00
4290.00
4280.00
4250.00
4130.00
4060.00
4060.00
4030.00
4060.00
4110.00
4210.00
4220.00
4220.00
4230.00
4210.00
4280.00
4270.00
4250.00
4230.00
4130.00
4120.00
4070.00
4070.00
4030.00
4120.00
4240.00
4260.00
4280.00
4250.00
4210.00
4100.00
4080.00
4010.00
4050.00
4050.00
4140.00
4240.00
4230.00
4230.00
4230.00
4150.00
4120.00
4100.00
4060.00
4080.00
4110.00
4220.00
4300.00
4260.00
4220.00
4220.00
4140.00
4080.00
4080.00
4090.00
4110.00
4170.00
4300.00
4260.00
4230.00
4220.00
4130.00
4120.00
4270.00
4250.00
4160.00
4140.00
4070.00
4040.00
4030.00
4070.00
4140.00
4210.00
4190.00
4160.00
4150.00
4050.00
4030.00
4020.00
3950.00
4010.00
4080.00
4230.00
4260.00
4220.00
4220.00
4110.00
4080.00
4080.00
4080.00
4000.00
4080.00
4180.00
4310.00
4230.00
4260.00
4150.00
4060.00
4050.00
4050.00
4050.00
4060.00
4160.00
4240.00
4260.00
4060.00
4180.00
4260.00
4300.00
4280.00
4260.00
4180.00
4070.00
4090.00
4060.00
4000.00
4060.00
4210.00
4290.00
4270.00
4230.00
4170.00
4070.00
4050.00
4030.00
4060.00
4070.00
4200.00
4280.00
4260.00
4260.00
4220.00
4110.00
4070.00
4050.00
4030.00
4060.00
4100.00
4230.00
4240.00
4240.00
4220.00
4140.00
4110.00
4130.00
4070.00
4040.00
4100.00
4100.00
4080.00
4050.00
4070.00
4180.00
4290.00
4290.00
4320.00
4260.00
4140.00
4110.00
4100.00
4070.00
4080.00
4120.00
4260.00
4280.00
4250.00
4270.00
4140.00
4100.00
4130.00
4110.00
4100.00
4090.00
4230.00
4300.00
4290.00
4280.00
4250.00
4140.00
4130.00
4100.00
4100.00
4150.00
4160.00
4260.00
4250.00
4240.00
4200.00
4150.00
4290.00
4270.00
4280.00
4200.00
4110.00
4090.00
4030.00
4090.00
4040.00
4130.00
4230.00
4200.00
4190.00
4210.00
4090.00
4080.00
4060.00
4020.00
4050.00
4130.00
4250.00
4260.00
4270.00
4230.00
4160.00
4080.00
4090.00
4040.00
4080.00
4120.00
4190.00
4290.00
4280.00
4240.00
4180.00
4080.00
4050.00
4060.00
4040.00
4090.00
4190.00
4070.00
4060.00
4070.00
4160.00
4270.00
4250.00
4250.00
4220.00
4130.00
4080.00
4090.00
4050.00
4070.00
4090.00
4250.00
4330.00
4270.00
4280.00
4170.00
4100.00
4110.00
4050.00
4050.00
4080.00
4220.00
4290.00
4290.00
4270.00
4190.00
4120.00
4120.00
4100.00
4070.00
4100.00
4180.00
4280.00
4250.00
4290.00
4230.00
4130.00
4260.00
4230.00
4230.00
4130.00
4080.00
4090.00
4060.00
4030.00
4090.00
4220.00
4290.00
4250.00
4310.00
4210.00
4120.00
4090.00
4080.00
4070.00
4070.00
4180.00
4280.00
4260.00
4260.00
4250.00
4140.00
4140.00
4120.00
4080.00
4070.00
4170.00
4290.00
4310.00
4260.00
4240.00
4160.00
4130.00
4100.00
4060.00
4170.00
4070.00
4080.00
4090.00
4060.00
4130.00
4210.00
4280.00
4290.00
4250.00
4230.00
4100.00
4070.00
4040.00
4060.00
4070.00
4190.00
4270.00
4230.00
4280.00
4220.00
4160.00
4070.00
4050.00
4060.00
4050.00
4140.00
4250.00
4270.00
4270.00
4270.00
4170.00
4090.00
4100.00
4050.00
4050.00
4120.00
4210.00
4040.00
4030.00
4100.00
4180.00
4280.00
4250.00
4270.00
4230.00
4130.00
4120.00
4080.00
4080.00
4060.00
4140.00
4220.00
4250.00
4210.00
4210.00
4150.00
4110.00
4090.00
4050.00
4040.00
4100.00
4240.00
4230.00
4250.00
4230.00
4130.00
4030.00
4080.00
4060.00
4010.00
4090.00
4240.00
4320.00
4290.00
4290.00
4180.00
4110.00
4240.00
4210.00
4180.00
4120.00
4060.00
4070.00
4030.00
4010.00
4060.00
4190.00
4200.00
4180.00
4170.00
4060.00
3970.00
3980.00
3990.00
3990.00
4060.00
4150.00
4210.00
14250.00
12320.00
12240.00
12230.00
12500.00
12660.00
12930.00
13060.00
13270.00
13430.00
13620.00
13800.00
13800.00
14000.00
14110.00
14270.00
14320.00
14450.00
14490.00
14430.00
14140.00
14520.00
15890.00
13570.00
10190.00
7440.00
7580.00
2230.00
2280.00
2250.00
2210.00
2210.00
2200.00
2200.00
2210.00
2200.00
2200.00
2190.00
2180.00
2200.00
2210.00
2190.00
2210.00
2210.00
2210.00
2220.00
2220.00
2220.00
2220.00
2230.00
2230.00
2230.00
2230.00
2220.00
2200.00
2220.00
2220.00
2220.00
2210.00
2220.00
2220.00
2230.00
2230.00
2220.00
2230.00
2230.00
2230.00
2220.00
2240.00
2220.00
2240.00
2230.00
2230.00
2230.00
2230.00
2220.00
2230.00
2220.00
2230.00
2240.00
2220.00
2240.00
2230.00
2230.00
2230.00
2240.00
2220.00
2240.00
2220.00
2240.00
2230.00
2240.00
2230.00
2240.00
2240.00
2230.00
2230.00
2240.00
2240.00
2240.00
2230.00
2240.00
2230.00
2220.00
2230.00
2240.00
2230.00
2230.00
2230.00
2220.00
2230.00
2220.00
2210.00
2210.00
2200.00
2210.00
2210.00
2210.00
2210.00
2210.00
2240.00
2220.00
2220.00
2230.00
2190.00
2260.00
2230.00
2230.00
2240.00
2230.00
2220.00
2240.00
2230.00
2230.00
2220.00
2230.00
2220.00
2210.00
2210.00
2200.00
2210.00
2230.00
2220.00
2230.00
2230.00
2210.00
2210.00
2220.00
2230.00
2230.00
2200.00
2220.00
2220.00
2220.00
2220.00
2230.00
2220.00
2220.00
2230.00
2230.00
2230.00
2230.00
2230.00