2790.00
2810.00
2830.00
2780.00
2800.00
2800.00
2800.00
2780.00
2790.00
2780.00
2800.00
2790.00
2800.00
2810.00
2810.00
2820.00
2800.00
2810.00
2800.00
2790.00
2800.00
2800.00
2780.00
2790.00
2790.00
2790.00
2770.00
2770.00
2760.00
2790.00
2800.00
2790.00
2790.00
2800.00
2770.00
2790.00
2770.00
2780.00
2780.00
2770.00
2780.00
2780.00
2770.00
2770.00
2780.00
2770.00
2770.00
2770.00
2770.00
2780.00
2760.00
2750.00
2770.00
2760.00
2770.00
2770.00
2800.00
2790.00
2790.00
2790.00
2800.00
2790.00
2800.00
2790.00
2790.00
2800.00
2820.00
2830.00
2830.00
2830.00
2820.00
2800.00
2800.00
2800.00
2800.00
2800.00
2790.00
2790.00
2780.00
2780.00
2760.00
2770.00
2760.00
2780.00
2780.00
2790.00
2800.00
2780.00
2800.00
2760.00
2810.00
2800.00
2800.00
2800.00
2790.00
2800.00
2800.00
2790.00
2870.00
2950.00
3400.00
3350.00
2910.00
2730.00
2740.00
2750.00
3040.00
2800.00
2810.00
2800.00
2840.00
2830.00
2820.00
2810.00
2810.00
2820.00
2820.00
2790.00
2830.00
2800.00
2820.00
2830.00
2830.00
2850.00
2850.00
2820.00
2830.00
2820.00
2810.00
2810.00
2800.00
2760.00
2820.00
2780.00
2830.00
2830.00
2810.00
2780.00
2790.00
2760.00
2760.00
2770.00
2780.00
2780.00
2780.00
2770.00
2770.00
2790.00
3070.00
3010.00
3010.00
3010.00
2850.00
2800.00
2780.00
2780.00
2780.00
2780.00
2780.00
2860.00
2900.00
2940.00
2940.00
2810.00
2790.00
3510.00
3420.00
3280.00
3270.00
3290.00
3280.00
3280.00
6970.00
14530.00
21680.00
22230.00
19080.00
16750.00
16780.00
16640.00
10190.00
3550.00
3250.00
3130.00
3250.00
3420.00
3610.00
3790.00
3840.00
3770.00
3550.00
3280.00
3170.00
3170.00
3220.00
3360.00
4060.00
3750.00
3830.00
3850.00
3710.00
3450.00
3260.00
3190.00
3170.00
3260.00
3460.00
4050.00
4160.00
4020.00
3720.00
3450.00
3290.00
3280.00
3360.00
3450.00
3700.00
3850.00
3930.00
3950.00
3750.00
3460.00
3250.00
5080.00
3250.00
3310.00
3430.00
3640.00
3820.00
3910.00
3890.00
3270.00
3290.00
3490.00
3570.00
3710.00
3950.00
4160.00
4270.00
4250.00
4040.00
3710.00
3450.00
3340.00
3320.00
3400.00
3530.00
3700.00
3850.00
3910.00
4840.00
3630.00
3420.00
3240.00
3300.00
3440.00
3660.00
3840.00
3890.00
3870.00
3670.00
3590.00
3520.00
3460.00
3470.00
3580.00
3770.00
4020.00
4200.00
4230.00
4190.00
3950.00
3590.00
3390.00
3300.00
3370.00
3400.00
3660.00
3880.00
4000.00
3690.00
3370.00
3220.00
3230.00
3720.00
7400.00
3520.00
9760.00
8510.00
3880.00
4250.00
3740.00
4470.00
3450.00
3360.00
3340.00
3260.00
3650.00
3890.00
4410.00
14390.00
14630.00
12110.00
13010.00
11930.00
6770.00
7570.00
16540.00
23730.00
21230.00
3940.00
3340.00
3550.00
3350.00
3300.00
3530.00
3270.00
3590.00
3380.00
3380.00
3550.00
3280.00
3490.00
3260.00
3330.00
3430.00
3210.00
3490.00
3180.00
3440.00
3290.00
3360.00
3590.00
3310.00
3610.00
3290.00
3310.00
3450.00
3230.00
3490.00
3260.00
3320.00
3430.00
3200.00
3480.00
3240.00
3300.00
3450.00
3290.00
4160.00
6810.00
8450.00
4270.00
6270.00
8950.00
3280.00
3590.00
3370.00
3410.00
3540.00
3280.00
3610.00
3340.00
3420.00
3520.00
3290.00
3580.00
3320.00
3420.00
3510.00
3300.00
3550.00
3290.00
3430.00
3480.00
3280.00
3520.00
3280.00
3550.00
3340.00
3380.00
3480.00
3290.00
3570.00
3280.00
3350.00
3460.00
3240.00
3510.00
3230.00
3400.00
3450.00
3270.00
3750.00
3450.00
4220.00
3890.00
3460.00
3730.00
3160.00
3440.00
3300.00
3770.00
9430.00
12740.00
9580.00
6360.00
14520.00
23800.00
22080.00
18480.00
16780.00
17030.00
9060.00
4580.00
4060.00
3800.00
3830.00
4100.00
4640.00
4720.00
4470.00
4020.00
3830.00
4340.00
4610.00
4650.00
4250.00
3860.00
4170.00
4900.00
6280.00
7580.00
8380.00
8380.00
8110.00
4140.00
3710.00
3810.00
4410.00
4140.00
3680.00
3610.00
3670.00
3960.00
4380.00
4440.00
4000.00
3600.00
3780.00
4230.00
4370.00
4240.00
3860.00
3550.00
3580.00
3940.00
4210.00
4340.00
4250.00
3750.00
3520.00
3720.00
4080.00
4330.00
4570.00
5360.00
7550.00
6380.00
7520.00
6960.00
7780.00
4660.00
8080.00
4160.00
3560.00
4260.00
4070.00
5210.00
3530.00
3160.00
3310.00
3640.00
4100.00
4270.00
26730.00
21180.00
17750.00
17260.00
17660.00
17700.00
17690.00
17210.00
9210.00
4360.00
4530.00
3640.00
4060.00
4260.00
5370.00
4430.00
3750.00
4870.00
5200.00
4040.00
4020.00
5330.00
4820.00
3820.00
4590.00
5410.00
4330.00
3890.00
5140.00
5140.00
4000.00
4330.00
5410.00
4580.00
3760.00
4760.00
5130.00
5070.00
3810.00
3740.00
4950.00
4460.00
3760.00
5390.00
5980.00
4450.00
3900.00
5540.00
4930.00
3840.00
4100.00
5320.00
4490.00
3710.00
4770.00
5270.00
4080.00
3930.00
5220.00
4900.00
3810.00
4460.00
4580.00
5380.00
4250.00
3810.00
5110.00
5040.00
3930.00
4230.00
5370.00
4540.00
3770.00
4830.00
5290.00
4080.00
3960.00
5280.00
4870.00
3840.00
4480.00
5440.00
4330.00
3820.00
5050.00
5280.00
4000.00
3940.00
4300.00
5460.00
4590.00
3820.00
4900.00
5280.00
4050.00
4400.00
6180.00
4370.00
3810.00
4470.00
5550.00
3890.00
3360.00
4390.00
5260.00
3470.00
3570.00
4670.00
4030.00
3340.00
4040.00
4190.00
4630.00
3570.00
3460.00
4710.00
4350.00
3460.00
4020.00
4830.00
7590.00
3150.00
3270.00
17020.00
12640.00
12550.00
12560.00
12760.00
12740.00
12940.00
13080.00
15800.00
13750.00
12460.00
4070.00
3470.00
2870.00
2850.00
2810.00
2770.00
2810.00
4580.00
5880.00
2960.00
2940.00
2940.00
3010.00
3020.00
3010.00
2850.00
2870.00
2860.00
2820.00
2840.00
2830.00
2830.00
2840.00
2820.00
2820.00
2820.00
2820.00
2830.00
2820.00
2820.00
2790.00
2790.00
2790.00
2780.00
2790.00
2780.00
2790.00
2800.00
2800.00
2810.00
2810.00
2820.00
2820.00
2810.00
2820.00
2820.00
2820.00
2820.00
2810.00
2830.00
2800.00
2800.00
2820.00
2830.00
2830.00
2820.00
2820.00
2830.00
2820.00
2830.00
2810.00
2820.00
2810.00
2820.00
2830.00
2840.00
2850.00
2830.00
2850.00
2830.00
2830.00
2840.00
2840.00
2840.00
2840.00
2830.00
2840.00
2840.00
2810.00
2800.00
2780.00
2800.00
2800.00
2800.00
2800.00
2790.00
2790.00
2790.00
2810.00
2800.00
2800.00
2800.00
2810.00
2800.00
2800.00
2800.00
2790.00
2800.00
2800.00
2800.00
2820.00
2810.00
2800.00
2820.00
2820.00
2820.00
2810.00
2780.00
2800.00
2740.00
2780.00
2770.00
2780.00
2790.00
2790.00
2790.00
2780.00
2790.00
2790.00
2790.00
2780.00
2800.00
2780.00
2800.00
2790.00
2790.00
2800.00
2820.00
2810.00
2810.00
2810.00
2810.00
2780.00
2790.00
2800.00
2800.00
2800.00
2810.00
2800.00
2820.00
2820.00
2810.00
2820.00
2830.00
2810.00
2830.00
2840.00
2820.00
2810.00
2820.00
2820.00
2830.00
2820.00
2820.00
2820.00
2840.00
2800.00
2820.00
2820.00
2820.00
2830.00
2820.00
2800.00
2800.00
2810.00
2820.00
2820.00
2800.00
2810.00
2800.00
2800.00
2790.00
2810.00
2820.00
2780.00
2800.00
2800.00
2810.00
2810.00
2810.00
2810.00
2800.00
2800.00
2780.00
2800.00
2790.00
2790.00
2800.00
2810.00
2780.00
2790.00
2790.00
2800.00
2790.00
2800.00
2790.00
2800.00
2780.00
2800.00
2790.00
2790.00
2800.00
2790.00
2800.00
2800.00
2810.00
2820.00
2830.00
2840.00
2830.00
2840.00
2820.00
2810.00
2800.00
2820.00
2820.00
2820.00
2830.00
2830.00
2830.00
2820.00
2830.00
2820.00
2840.00
2850.00
2800.00
2860.00
2840.00
2820.00
2820.00
2820.00
2850.00
2840.00
2840.00
2830.00
2830.00
2830.00
3180.00
3050.00
3020.00
3050.00
2850.00
2840.00
2830.00
2830.00
2790.00
2820.00
2820.00
2830.00
2820.00
2840.00
2820.00
2830.00
2830.00
2830.00
2820.00
2820.00
2830.00
2820.00
2800.00
2810.00
2820.00
2800.00
2790.00
2820.00
2790.00
2810.00
2790.00
2810.00
2810.00
2800.00
2800.00
2810.00
2810.00
2810.00
2820.00
2810.00
2820.00
2820.00
2810.00
2810.00
2820.00
2810.00
2810.00
2810.00
2810.00
2810.00
2800.00
2790.00
2790.00
2810.00
2800.00
2800.00
2830.00
2840.00
2840.00
2840.00
2850.00
2850.00
2850.00
2860.00
2850.00
2800.00
2820.00
2810.00
2830.00
2980.00
3000.00
2980.00
2860.00
2810.00
2840.00
2830.00
2840.00
2850.00
2840.00
2850.00
2840.00
2830.00
2830.00
2850.00
2830.00
2850.00
2830.00
2810.00
2830.00
2830.00
2820.00
2820.00
2830.00
2830.00
2830.00
2830.00
2830.00
2830.00
2820.00
2820.00
2920.00
2960.00
3450.00
3310.00
2960.00
2780.00
2780.00
2780.00
3070.00
2830.00
2840.00
2860.00
2850.00
2860.00
2870.00
2880.00
2870.00
2860.00
2860.00
2860.00
2860.00
2870.00
2870.00
2860.00
2880.00
2880.00
2870.00
2890.00
2880.00
2870.00
2860.00
2850.00
2850.00
2860.00
2870.00
2840.00
2840.00
2840.00
2830.00
2830.00
2820.00
2800.00
2790.00
2790.00
2810.00
2810.00
2810.00
2820.00
2820.00
2820.00
3220.00
3000.00
3030.00
3040.00
2840.00
2830.00
2840.00
2810.00
2830.00
2810.00
2810.00
2970.00
2970.00
2990.00
2960.00
2840.00
3790.00
3420.00
3380.00
3330.00
3340.00
3310.00
3320.00
3350.00
9740.00
20760.00
25420.00
19390.00
17560.00
16970.00
17050.00
17170.00
7470.00
3660.00
3870.00
4020.00
3850.00
3630.00
3380.00
3220.00
3190.00
3220.00
3290.00
3470.00
3680.00
3870.00
3940.00
4490.00
3460.00
3380.00
3190.00
3180.00
3230.00
3750.00
3880.00
3900.00
3800.00
3680.00
3580.00
3380.00
3320.00
3360.00
3450.00
3640.00
3890.00
4050.00
4070.00
3960.00
3730.00
3380.00
3230.00
3210.00
3240.00
3340.00
3540.00
3570.00
3890.00
3580.00
3330.00
3180.00
3180.00
3250.00
3330.00
3570.00
4090.00
4400.00
4370.00
4250.00
3950.00
3600.00
3350.00
3320.00
3370.00
3470.00
3720.00
3980.00
4130.00
4130.00
3410.00
3220.00
3220.00
3250.00
5140.00
3570.00
3830.00
3930.00
3920.00
3850.00
3570.00
3330.00
3220.00
3210.00
3310.00
3610.00
3940.00
4230.00
4350.00
4320.00
4190.00
3930.00
3370.00
3390.00
3510.00
3750.00
4000.00
4110.00
4080.00
3990.00
3690.00
3370.00
3220.00
3240.00
3270.00
3380.00
3580.00
3900.00
8240.00
3140.00
8310.00
4320.00
3160.00
3300.00
3770.00
3820.00
5420.00
4340.00
4160.00
3320.00
3480.00
3320.00
3390.00
6680.00
11430.00
13420.00
14680.00
12780.00
10690.00
3090.00
12880.00
21660.00
21750.00
5010.00
3730.00
3270.00
3470.00
3450.00
3260.00
3530.00
3230.00
3480.00
3400.00
3310.00
3550.00
3260.00
3460.00
3300.00
3270.00
3440.00
3200.00
3460.00
3270.00
3270.00
3460.00
3280.00
3630.00
3250.00
3580.00
3360.00
3250.00
3470.00
3190.00
3440.00
3330.00
3260.00
3450.00
3170.00
3450.00
3290.00
3260.00
3510.00
3300.00
3420.00
7640.00
3140.00
8660.00
4560.00
3160.00
3260.00
3490.00
3470.00
3330.00
3570.00
3240.00
3530.00
3400.00
3320.00
3500.00
3200.00
3530.00
3390.00
3290.00
3490.00
3230.00
3500.00
3320.00
3330.00
3480.00
3300.00
3560.00
3210.00
3490.00
3410.00
3310.00
3560.00
3230.00
3500.00
3420.00
3280.00
3490.00
3200.00
3450.00
3330.00
3250.00
3490.00
3210.00
3790.00
3420.00
4680.00
3690.00
3390.00
3320.00
3130.00
3460.00
3520.00
3590.00
10540.00
10100.00
4250.00
10140.00
19120.00
21730.00
20280.00
17060.00
16840.00
16700.00
4680.00
3680.00
3720.00
4180.00
4560.00
4600.00
3780.00
3790.00
3990.00
4510.00
4610.00
4490.00
4000.00
3670.00
3740.00
4290.00
5250.00
6130.00
7040.00
7180.00
7520.00
8210.00
5960.00
4590.00
4030.00
4010.00
3500.00
3550.00
4200.00
4440.00
4240.00
3770.00
3480.00
3500.00
3800.00
4300.00
4360.00
4140.00
3680.00
3500.00
3530.00
3990.00
4380.00
4320.00
4120.00
3600.00
3470.00
3660.00
4140.00
4330.00
4370.00
3520.00
3750.00
5780.00
7770.00
8490.00
3820.00
4300.00
7630.00
8900.00
3480.00
3140.00
3970.00
3880.00
3910.00
3950.00
3510.00
3290.00
3840.00
3860.00
3920.00
12300.00
23060.00
19090.00
19870.00
17480.00
17440.00
17670.00
17530.00
15850.00
8190.00
3230.00
4050.00
4930.00
3990.00
3840.00
5130.00
4910.00
3720.00
4310.00
5320.00
4290.00
3650.00
4880.00
5170.00
3860.00
3830.00
4180.00
5360.00
4520.00
3680.00
4800.00
5390.00
4040.00
3920.00
5210.00
4740.00
3680.00
4340.00
5250.00
4070.00
3520.00
4720.00
4920.00
4070.00
4880.00
5590.00
4650.00
4620.00
3870.00
4740.00
5100.00
3860.00
3930.00
5170.00
4580.00
3630.00
4470.00
5250.00
4050.00
3710.00
5000.00
4890.00
3740.00
4230.00
5300.00
4270.00
3630.00
4790.00
5160.00
5100.00
3800.00
4040.00
5280.00
4500.00
3640.00
4670.00
5290.00
3990.00
3850.00
5140.00
4860.00
3720.00
4410.00
5360.00
4290.00
3670.00
4980.00
5180.00
3890.00
4120.00
5340.00
4580.00
4460.00
3670.00
4710.00
5240.00
4840.00
3870.00
4980.00
4860.00
3680.00
4410.00
4830.00
3750.00
5550.00
6690.00
4530.00
3440.00
3700.00
4740.00
3980.00
3350.00
4170.00
4730.00
4650.00
3580.00
3660.00
4790.00
4240.00
3410.00
4150.00
9210.00
6240.00
6960.00
12960.00
12390.00
12480.00
12520.00
12750.00
12810.00
12810.00
13010.00
15550.00
12860.00
9810.00
2800.00
2910.00
2880.00
2850.00
2850.00
2850.00
2840.00
9610.00
7940.00
3010.00
3050.00
3050.00
3040.00
3030.00
3040.00
2880.00
2870.00
2860.00
2860.00
3390.00
3120.00
3100.00
3090.00
2880.00
2880.00
2880.00
2860.00
2870.00
2860.00
2880.00
2850.00
2940.00
2970.00
3000.00
2950.00
2880.00
2860.00
2850.00
2840.00
2850.00
2840.00
2840.00
2840.00
2840.00
2830.00
2840.00
2800.00
3050.00
2920.00
3480.00
3210.00
2980.00
2810.00
2820.00
2820.00
3080.00
2860.00
2880.00
2870.00
2880.00
2880.00
2890.00
2880.00
2880.00
2880.00
2870.00
2870.00
2850.00
2870.00
2870.00
2870.00
2880.00
2870.00
2870.00
2880.00
2890.00
2880.00
2860.00
2880.00
2890.00
2890.00
2880.00
2880.00
2870.00
2870.00
2880.00
2850.00
2880.00
2840.00
2840.00
2830.00
2840.00
2830.00
2830.00
2830.00
2820.00
2820.00
3030.00
3020.00
3040.00
3040.00
2900.00
2840.00
2830.00
2830.00
2830.00
2820.00
2820.00
2970.00
2960.00
2950.00
2940.00
2830.00
3870.00
3420.00
3420.00
3350.00
3330.00
3330.00
3350.00
3340.00
7000.00
14550.00
21940.00
22510.00
19480.00
16880.00
16940.00
17000.00
8900.00
3770.00
3950.00
4040.00
3910.00
3710.00
3460.00
3280.00
3260.00
3300.00
3300.00
3570.00
3800.00
3940.00
3750.00
3470.00
3350.00
3280.00
3280.00
3360.00
3580.00
3820.00
4000.00
3990.00
3890.00
3680.00
3580.00
3390.00
3360.00
3400.00
3510.00
3720.00
3980.00
4130.00
4130.00
3990.00
3740.00
3250.00
3300.00
3420.00
3620.00
3830.00
3950.00
5690.00
3900.00
3570.00
3360.00
3200.00
3230.00
3260.00
3400.00
3620.00
4120.00
4440.00
4440.00
4260.00
3970.00
3610.00
3430.00
3410.00
3890.00
4150.00
4280.00
4220.00
4070.00
3740.00
3420.00
3260.00
3260.00
3330.00
4810.00
3730.00
3910.00
3980.00
4010.00
3850.00
3610.00
3360.00
3250.00
3290.00
3350.00
3740.00
4100.00
4350.00
4260.00
3940.00
3570.00
3460.00
3480.00
3530.00
3770.00
3990.00
4270.00
4290.00
4170.00
3980.00
3680.00
3390.00
3320.00
3370.00
3430.00
3590.00
3840.00
4040.00
6880.00
3280.00
3380.00
8170.00
3190.00
3420.00
4030.00
3990.00
5360.00
4350.00
4170.00
3650.00
3250.00
3300.00
3300.00
3640.00
12910.00
14260.00
13300.00
12740.00
10870.00
3190.00
10790.00
19570.00
21560.00
11220.00
3810.00
3400.00
3640.00
3310.00
3570.00
3380.00
3420.00
3590.00
3310.00
3640.00
3390.00
3450.00
3500.00
3300.00
3550.00
3280.00
3390.00
3430.00
3300.00
3560.00
3290.00
3500.00
3590.00
3360.00
3760.00
3260.00
3450.00
3430.00
3360.00
3430.00
3280.00
3550.00
3290.00
3370.00
3470.00
3310.00
3570.00
3310.00
3520.00
3860.00
7530.00
3230.00
8230.00
4930.00
3260.00
3410.00
3710.00
3400.00
3610.00
3580.00
3400.00
3730.00
3370.00
3710.00
3410.00
3520.00
3610.00
3400.00
3710.00
3380.00
3540.00
3590.00
3410.00
3650.00
3360.00
3540.00
3550.00
3390.00
3690.00
3360.00
3580.00
3560.00
3430.00
3670.00
3360.00
3560.00
3360.00
3410.00
3550.00
3360.00
3660.00
3300.00
3480.00
3850.00
3410.00
4920.00
3470.00
3660.00
3330.00
3280.00
3650.00
3420.00
3910.00
10640.00
10230.00
4450.00
10030.00
19110.00
22100.00
20890.00
16980.00
17010.00
17130.00
6070.00
3730.00
3820.00
4310.00
4720.00
4740.00
4510.00
3920.00
3800.00
4000.00
4470.00
4770.00
4670.00
4300.00
3870.00
4010.00
4870.00
6200.00
7530.00
8280.00
8220.00
8360.00
6880.00
4850.00
4150.00
3940.00
3610.00
3610.00
3780.00
4230.00
4480.00
4340.00
3990.00
3650.00
3600.00
3910.00
4420.00
4500.00
4310.00
3880.00
3590.00
3630.00
4050.00
4460.00
4400.00
4280.00
3730.00
3810.00
4240.00
4490.00
4490.00
4080.00
3770.00
5690.00
6850.00
8340.00
4400.00
4800.00
4630.00
9130.00
3190.00
3460.00
4000.00
4200.00
4560.00
3700.00
3190.00
2990.00
3540.00
3770.00
4180.00
16730.00
21140.00
17660.00
19540.00
17400.00
17150.00
17380.00
17190.00
14370.00
5620.00
3500.00
4660.00
3820.00
3550.00
4930.00
4960.00
3670.00
4050.00
5230.00
4430.00
3570.00
4630.00
5270.00
3990.00
3870.00
3880.00
5170.00
4720.00
3540.00
4430.00
5360.00
4090.00
3650.00
4920.00
4960.00
3670.00
3950.00
5030.00
4250.00
3360.00
4390.00
4920.00
3780.00
4110.00
5990.00
5060.00
3760.00
4920.00
5500.00
5210.00
4090.00
3670.00
4980.00
4980.00
3710.00
4160.00
5260.00
4420.00
3600.00
4690.00
5230.00
3920.00
3850.00
5110.00
4810.00
3630.00
4350.00
5280.00
4220.00
3610.00
4930.00
5060.00
3780.00
3710.00
4110.00
5240.00
4410.00
3590.00
4670.00
5190.00
3930.00
3860.00
5160.00
4790.00
3620.00
4360.00
5280.00
4200.00
3620.00
4910.00
5050.00
3800.00
4040.00
5150.00
4400.00
3580.00
5990.00
4890.00
4820.00
3900.00
3740.00
4940.00
4170.00
3180.00
5490.00
2950.00
3620.00
3140.00
4130.00
4370.00
3320.00
3420.00
4470.00
3930.00
3160.00
3950.00
4680.00
3600.00
3310.00
4470.00
4900.00
6100.00
7950.00
4470.00
12890.00
11730.00
11930.00
12020.00
12070.00
12220.00
12300.00
12180.00
15570.00
12880.00
11120.00
3720.00
2760.00
2720.00
2680.00
2670.00
2680.00
2670.00
9510.00
2780.00
2800.00
2870.00
2880.00
2870.00
2890.00
2860.00
2690.00
2670.00
2670.00
2660.00
2660.00
2660.00
2630.00
2630.00
2640.00
2620.00
2640.00
2640.00
2630.00
2630.00
2630.00
2630.00
2640.00
2630.00
2640.00
2650.00
2640.00
2640.00
2650.00
2650.00
2660.00
2640.00
2660.00
2650.00
2660.00
2660.00
2670.00
2660.00
2660.00
2660.00
2650.00
2660.00
2660.00
2650.00
2650.00
2640.00
2650.00
2660.00
2930.00
2840.00
2880.00
2860.00
2710.00
2690.00
2680.00
2680.00
2680.00
2670.00
2670.00
2680.00
2680.00
2650.00
2650.00
2640.00
2660.00
2630.00
2640.00
2660.00
2680.00
2780.00
2810.00
2830.00
2690.00
2650.00
2660.00
2680.00
2660.00
2680.00
2680.00
2680.00
2690.00
2670.00
2650.00
2650.00
2670.00
2660.00
2670.00
2690.00
2670.00
2680.00
2670.00
2670.00
2670.00
2680.00
2660.00
2660.00
2660.00
2660.00
2660.00
2650.00
2650.00
2650.00