2720.00
2730.00
2700.00
2710.00
2710.00
2720.00
2690.00
2700.00
2710.00
2700.00
2690.00
2740.00
2720.00
2730.00
2710.00
2710.00
2720.00
2720.00
2730.00
2720.00
2730.00
2720.00
2740.00
2700.00
2730.00
2720.00
2730.00
2740.00
2690.00
2710.00
2710.00
2700.00
2700.00
2700.00
2720.00
2710.00
2730.00
2700.00
2730.00
2730.00
2730.00
2730.00
2740.00
2740.00
2730.00
2730.00
2730.00
2730.00
2670.00
2710.00
2730.00
2720.00
2740.00
2730.00
2720.00
2740.00
2730.00
2720.00
2710.00
2700.00
2680.00
2680.00
2680.00
2670.00
2690.00
2690.00
2680.00
2700.00
2700.00
2700.00
2700.00
2690.00
2690.00
2680.00
2710.00
2700.00
2700.00
2700.00
2660.00
2700.00
2700.00
2690.00
2690.00
2690.00
2700.00
2700.00
2680.00
2680.00
2680.00
2680.00
2680.00
2670.00
2690.00
2670.00
2690.00
6040.00
11040.00
3980.00
2860.00
2830.00
2790.00
2770.00
2770.00
2780.00
2760.00
2750.00
2770.00
2770.00
2730.00
2760.00
2780.00
2760.00
2760.00
2790.00
2770.00
2770.00
2780.00
2810.00
2790.00
2780.00
2780.00
2800.00
2790.00
2790.00
2800.00
2800.00
2780.00
2820.00
2840.00
2820.00
2820.00
2850.00
2830.00
2810.00
2830.00
2830.00
2830.00
2820.00
2830.00
2840.00
2780.00
2820.00
2830.00
2830.00
2810.00
2830.00
2830.00
2810.00
2800.00
2820.00
2800.00
2780.00
2810.00
2810.00
2790.00
2800.00
2810.00
2790.00
2780.00
2800.00
2810.00
2770.00
2790.00
2810.00
2780.00
2790.00
2820.00
2820.00
2790.00
2800.00
2820.00
2800.00
2780.00
2800.00
2810.00
2810.00
2800.00
2830.00
2800.00
2770.00
2780.00
2800.00
2820.00
2810.00
2830.00
2820.00
2780.00
2790.00
2810.00
2800.00
2770.00
2800.00
2800.00
2790.00
2770.00
2820.00
2800.00
2760.00
2780.00
2780.00
2770.00
2770.00
2790.00
2810.00
2770.00
2800.00
2810.00
2810.00
2810.00
2820.00
2810.00
2800.00
2790.00
2810.00
2810.00
2860.00
2850.00
2860.00
2830.00
2820.00
2840.00
2830.00
2790.00
2840.00
2840.00
2830.00
2820.00
2840.00
2840.00
2820.00
2830.00
2810.00
2810.00
2840.00
2820.00
2820.00
2800.00
2800.00
2830.00
2810.00
2820.00
2830.00
2830.00
2810.00
2780.00
2830.00
2800.00
2780.00
2820.00
2800.00
2790.00
2770.00
2810.00
2790.00
2790.00
2810.00
2790.00
2790.00
2800.00
2790.00
2790.00
2780.00
2770.00
2800.00
2770.00
2770.00
2800.00
2800.00
2780.00
2810.00
2810.00
2810.00
2790.00
2820.00
2810.00
2800.00
2810.00
2820.00
2820.00
2810.00
2850.00
2840.00
2820.00
2800.00
2840.00
2820.00
2810.00
2840.00
2830.00
2810.00
2810.00
2840.00
2820.00
2830.00
2850.00
2880.00
2850.00
2860.00
2870.00
2830.00
2840.00
2840.00
2860.00
2840.00
2830.00
2870.00
2840.00
2800.00
2810.00
2820.00
2830.00
2810.00
2820.00
2810.00
2790.00
2790.00
2840.00
2850.00
2820.00
2870.00
2830.00
2840.00
2830.00
2860.00
2850.00
2830.00
2840.00
2840.00
2820.00
2800.00
2840.00
2840.00
2810.00
2830.00
2850.00
2810.00
2830.00
2840.00
2820.00
2820.00
2830.00
2830.00
2820.00
2820.00
2840.00
2840.00
2800.00
2820.00
2790.00
2810.00
2810.00
2840.00
2830.00
2800.00
2830.00
2840.00
2840.00
2810.00
2830.00
2820.00
2810.00
2830.00
2840.00
2830.00
2790.00
2790.00
2790.00
2780.00
2780.00
2840.00
2820.00
2810.00
2830.00
2830.00
2820.00
2810.00
2820.00
2830.00
2790.00
2810.00
2810.00
2800.00
2790.00
2820.00
2830.00
2800.00
2820.00
2820.00
2790.00
2810.00
2810.00
2840.00
2830.00
2830.00
2840.00
2830.00
2810.00
2830.00
2840.00
2830.00
2840.00
2850.00
2830.00
2820.00
2860.00
2860.00
2850.00
2830.00
2830.00
2840.00
2830.00
2820.00
2850.00
2840.00
2810.00
2820.00
2810.00
2810.00
2810.00
2820.00
2830.00
2840.00
2840.00
2840.00
2820.00
2840.00
2880.00
2840.00
2840.00
2830.00
2840.00
2820.00
2830.00
2840.00
2810.00
2810.00
2820.00
2830.00
2810.00
2820.00
2830.00
2840.00
2790.00
2800.00
2810.00
2790.00
2780.00
2800.00
2800.00
2780.00
2790.00
2830.00
2790.00
2800.00
2810.00
2810.00
2800.00
2780.00
2780.00
2790.00
2790.00
2810.00
2820.00
2810.00
2820.00
2830.00
2830.00
2810.00
2840.00
2840.00
2820.00
2820.00
2840.00
2850.00
2810.00
2850.00
2870.00
2850.00
2820.00
2850.00
2850.00
2820.00
2830.00
2840.00
2850.00
2840.00
2830.00
2850.00
2850.00
2860.00
2870.00
2850.00
2820.00
2860.00
2860.00
2850.00
2850.00
2870.00
2830.00
2800.00
2820.00
2830.00
2810.00
2820.00
2850.00
2850.00
2830.00
2840.00
2840.00
2840.00
2830.00
2850.00
2840.00
2810.00
2820.00
2840.00
2850.00
2820.00
2830.00
2820.00
2840.00
2830.00
2850.00
2850.00
2840.00
2860.00
2880.00
2860.00
2850.00
2870.00
2810.00
2820.00
2810.00
2860.00
2830.00
2830.00
2860.00
2810.00
2830.00
2840.00
2870.00
2860.00
2850.00
2860.00
2820.00
2820.00
2820.00
14620.00
22610.00
4170.00
2980.00
3160.00
2910.00
3040.00
2950.00
3000.00
3020.00
2930.00
3100.00
2890.00
3060.00
2950.00
3050.00
3030.00
2970.00
3110.00
2880.00
3070.00
2940.00
3080.00
2970.00
3030.00
3000.00
2970.00
3110.00
2880.00
3060.00
2920.00
3050.00
2950.00
3010.00
3040.00
2840.00
3040.00
2850.00
3020.00
2930.00
2960.00
3050.00
2880.00
3040.00
2880.00
3020.00
2910.00
2970.00
2940.00
2980.00
3020.00
2900.00
3050.00
2890.00
3020.00
2890.00
2960.00
2990.00
2870.00
3000.00
2860.00
3030.00
2920.00
3010.00
2920.00
2890.00
3040.00
2830.00
3020.00
2900.00
2980.00
2900.00
2940.00
3040.00
2870.00
3040.00
2850.00
3020.00
2890.00
3000.00
2920.00
2980.00
3060.00
2880.00
3060.00
2910.00
3010.00
2920.00
2950.00
2980.00
2870.00
3030.00
2840.00
2990.00
2890.00
2970.00
2970.00
2890.00
3040.00
2860.00
3020.00
2870.00
3020.00
2910.00
2970.00
2980.00
2930.00
3060.00
2860.00
3020.00
2940.00
3020.00
2970.00
2970.00
3070.00
2870.00
3050.00
2900.00
3000.00
2940.00
2950.00
3040.00
2870.00
3050.00
2900.00
3020.00
2930.00
3000.00
2920.00
2950.00
3040.00
2840.00
3030.00
2900.00
3000.00
2920.00
2970.00
2990.00
2880.00
3040.00
2850.00
3010.00
2930.00
2980.00
2960.00
2910.00
3040.00
2860.00
3050.00
2920.00
3000.00
2940.00
2930.00
3050.00
2910.00
3050.00
2850.00
3010.00
2880.00
2990.00
2930.00
2940.00
3040.00
2870.00
3050.00
2910.00
3010.00
2940.00
3000.00
3050.00
2900.00
3070.00
2900.00
3020.00
2940.00
2980.00
3010.00
2890.00
3030.00
2860.00
3060.00
2910.00
2980.00
2930.00
2980.00
3010.00
2900.00
3080.00
2890.00
2920.00
2930.00
3000.00
2950.00
2930.00
3060.00
2870.00
3030.00
2920.00
3010.00
2950.00
2950.00
3010.00
2840.00
3030.00
2860.00
2970.00
2870.00
2940.00
2900.00
2910.00
3020.00
2820.00
3010.00
2910.00
2990.00
2910.00
2960.00
2980.00
2840.00
2990.00
2870.00
2980.00
2910.00
2940.00
2970.00
2860.00
3010.00
2850.00
2980.00
2900.00
3000.00
2910.00
2890.00
3030.00
2870.00
3040.00
2840.00
3010.00
2880.00
3010.00
2900.00
2920.00
3010.00
2820.00
2990.00
2890.00
2980.00
2900.00
2930.00
3030.00
2860.00
3030.00
2910.00
3030.00
2940.00
2920.00
3020.00
2890.00
3040.00
2900.00
3020.00
2920.00
2990.00
2930.00
2980.00
2980.00
2910.00
3060.00
2910.00
3040.00
2950.00
3020.00
2980.00
2940.00
3070.00
2890.00
3010.00
2940.00
3040.00
2950.00
2960.00
3060.00
2860.00
3020.00
2930.00
3030.00
2940.00
2950.00
3040.00
2870.00
3020.00
2910.00
3020.00
2900.00
2990.00
2920.00
2990.00
3010.00
2880.00
3050.00
2880.00
3010.00
2940.00
3010.00
2980.00
2900.00
3040.00
2870.00
2990.00
2940.00
3020.00
2920.00
2930.00
3030.00
2850.00
3050.00
2900.00
3040.00
2930.00
3000.00
3040.00
2990.00
3070.00
2870.00
3030.00
2920.00
3010.00
2960.00
3020.00
3010.00
2890.00
3040.00
2900.00
3000.00
2930.00
2970.00
2980.00
2880.00
3040.00
2900.00
3010.00
2950.00
3010.00
2970.00
2930.00
3060.00
2910.00
3010.00
2950.00
3040.00
2920.00
3020.00
2960.00
2940.00
3070.00
2870.00
3040.00
2970.00
3030.00
2980.00
2990.00
3060.00
2920.00
3060.00
2940.00
3020.00
2970.00
3020.00
3040.00
2900.00
3050.00
2910.00
3020.00
2920.00
3000.00
2960.00
2880.00
3010.00
2870.00
3030.00
2880.00
2950.00
2910.00
2980.00
2960.00
2890.00
3020.00
2870.00
2970.00
2920.00
2980.00
2930.00
2920.00
3050.00
2870.00
3010.00
2920.00
3020.00
2940.00
2960.00
3040.00
2840.00
3000.00
2910.00
2960.00
2910.00
2960.00
2920.00
2950.00
2980.00
2870.00
3020.00
2880.00
2980.00
2920.00
2960.00
3010.00
2920.00
3060.00
2900.00
3000.00
2950.00
3010.00
2980.00
2920.00
3060.00
2890.00
3000.00
2940.00
2980.00
2920.00
2920.00
3010.00
2830.00
2990.00
2910.00
2990.00
2910.00
3010.00
2940.00
2970.00
3020.00
2870.00
3020.00
2920.00
3000.00
2950.00
2980.00
2990.00
2870.00
22940.00
19920.00
17930.00
6690.00
3290.00
3330.00
3120.00
2970.00
2910.00
3070.00
3250.00
3240.00
3280.00
2980.00
2960.00
3180.00
3270.00
3310.00
3160.00
3020.00
2970.00
3040.00
3280.00
3270.00
3320.00
3100.00
3010.00
2960.00
3140.00
3300.00
3260.00
3260.00
3030.00
3000.00
2990.00
3220.00
3260.00
3210.00
3180.00
3000.00
2900.00
3220.00
3280.00
3240.00
3010.00
2980.00
2990.00
3140.00
3270.00
3290.00
3210.00
3020.00
2990.00
3000.00
3240.00
3300.00
3330.00
3170.00
3070.00
2990.00
3080.00
3300.00
3270.00
3300.00
3100.00
3020.00
2980.00
3150.00
3300.00
3200.00
3000.00
2980.00
3000.00
3210.00
3270.00
3290.00
3110.00
3020.00
2960.00
3070.00
3270.00
3260.00
3230.00
3040.00
2980.00
2950.00
3140.00
3190.00
3190.00
3130.00
2970.00
2960.00
2950.00
3190.00
3210.00
3210.00
3070.00
2940.00
3050.00
3230.00
3200.00
3170.00
3000.00
2970.00
2930.00
3130.00
3200.00
3230.00
3130.00
3000.00
2940.00
3000.00
3190.00
3200.00
3220.00
3060.00
2980.00
2940.00
3080.00
3220.00
3200.00
3190.00
3040.00
3000.00
2960.00
3170.00
3200.00
3110.00
3000.00
2950.00
3040.00
3230.00
3170.00
3190.00
3030.00
3000.00
3000.00
3170.00
3260.00
3270.00
3220.00
3040.00
2990.00
3000.00
3210.00
3230.00
3290.00
3130.00
3030.00
2990.00
3040.00
3270.00
3220.00
3250.00
3080.00
2990.00
3170.00
3250.00
3250.00
3170.00
3030.00
3010.00
3020.00
3210.00
3230.00
3270.00
3090.00
3040.00
3010.00
3100.00
3240.00
3250.00
3260.00
3080.00
3060.00
3020.00
3170.00
3270.00
3260.00
3200.00
3070.00
3040.00
3010.00
3260.00
3290.00
3120.00
3050.00
3030.00
3130.00
3270.00
3240.00
3190.00
3060.00
3020.00
3020.00
3170.00
3250.00
3260.00
3140.00
3050.00
3020.00
3080.00
3250.00
3250.00
3260.00
3070.00
3050.00
3000.00
3170.00
3260.00
3240.00
3190.00
3060.00
2990.00
3240.00
3230.00
3250.00
3140.00
3060.00
3050.00
3070.00
3260.00
3240.00
3240.00
3100.00
3050.00
3030.00
3170.00
3250.00
3240.00
3170.00
3060.00
3040.00
3040.00
3170.00
3210.00
3240.00
3130.00
3050.00
3020.00
3120.00
3250.00
3200.00
3210.00
3010.00
3040.00
3190.00
3220.00
3180.00
3160.00
3020.00
2960.00
2990.00
3200.00
3160.00
3180.00
3040.00
3010.00
2980.00
3050.00
3200.00
3180.00
3160.00
3060.00
3000.00
3000.00
3150.00
3160.00
3210.00
3090.00
3050.00
2980.00
3060.00
3180.00
3200.00
3050.00
3040.00
3030.00
3140.00
3210.00
3190.00
3150.00
3050.00
3020.00
3020.00
3190.00
3160.00
3200.00
3070.00
3030.00
3000.00
3050.00
3190.00
3150.00
3170.00
3050.00
3030.00
3020.00
3150.00
3200.00
3200.00
3120.00
3050.00
3050.00
3060.00
3190.00
3200.00
3090.00
3060.00
3040.00
3150.00
3190.00
3170.00
3180.00
3040.00
3040.00
3020.00
3170.00
3150.00
3190.00
3130.00
3060.00
3050.00
3060.00
3200.00
3160.00
3190.00
3090.00
3080.00
3050.00
3120.00
3210.00
3180.00
3180.00
3030.00
3050.00
3190.00
3180.00
3200.00
3110.00
3070.00
3040.00
3090.00
3200.00
3180.00
3160.00
3080.00
3080.00
2990.00
3090.00
3180.00
3150.00
3140.00
3070.00
3040.00
3030.00
3160.00
3160.00
3190.00
3120.00
3040.00
3050.00
3090.00
3150.00
3170.00
3100.00
3080.00
3060.00
3160.00
3180.00
3160.00
3120.00
3080.00
3050.00
3080.00
3200.00
3100.00
3180.00
3090.00
3030.00
3030.00
3070.00
3160.00
3130.00
3150.00
3060.00
3040.00
3010.00
3170.00
3150.00
3160.00
3100.00
3060.00
3070.00
3180.00
3120.00
3160.00
3080.00
3060.00
3040.00
3100.00
3170.00
3140.00
3120.00
3040.00
3040.00
3030.00
3110.00
3090.00
3120.00
3030.00
3050.00
3030.00
3050.00
3160.00
3110.00
3120.00
3060.00
3060.00
3060.00
3140.00
3160.00
3150.00
3090.00
3060.00
3060.00
3190.00
3080.00
3140.00
3090.00
3050.00
3020.00
3090.00
3160.00
3080.00
3120.00
3090.00
3070.00
3050.00
3120.00
3130.00
3120.00
3080.00
3050.00
3030.00
2990.00
3120.00
3080.00
3120.00
3050.00
16410.00
21040.00
18800.00
17900.00
17740.00
9410.00
3080.00
3030.00
3190.00
3270.00
3290.00
3340.00
3260.00
3210.00
3220.00
3300.00
3310.00
3310.00
3360.00
3240.00
3200.00
3210.00
3220.00
3270.00
3340.00
3370.00
3350.00
3270.00
3240.00
3290.00
3310.00
3370.00
3330.00
3350.00
3380.00
3390.00
3300.00
3290.00
3320.00
3290.00
3330.00
3330.00
3380.00
3310.00
3260.00
3300.00
3310.00
3370.00
3350.00
3370.00
3400.00
3310.00
3300.00
3340.00
3350.00
3340.00
3330.00
3400.00
3350.00
3320.00
3320.00
3320.00
3310.00
3310.00
3330.00
3330.00
3350.00
3320.00
3280.00
3260.00
3310.00
3330.00
3320.00
3310.00
3400.00
3310.00
3310.00
3310.00
3320.00
3320.00
3340.00
3340.00
3330.00
3290.00
3310.00
3330.00
3330.00
3300.00
3300.00
3310.00
3270.00
3210.00
3250.00
3310.00
3330.00
3310.00
3270.00
3280.00
3320.00
3300.00
3280.00
3300.00
3310.00
3310.00
3280.00
3310.00
3310.00
3290.00
3320.00
3340.00
3320.00
3290.00
3290.00
3350.00
3320.00
3330.00
3350.00
3350.00
3300.00
3310.00
3310.00
3310.00
3340.00
3340.00
3320.00
3340.00
3360.00
3360.00
3290.00
3320.00
3350.00
3320.00
3360.00
3380.00
3350.00
3330.00
3280.00
3320.00
3320.00
3340.00
3350.00
3380.00
3320.00
3260.00
3270.00
3310.00
3280.00
3290.00
3340.00
3320.00
3340.00
3250.00
3230.00
3220.00
3270.00
3260.00
3310.00
3300.00
3300.00
3240.00
3210.00
3240.00
3250.00
3280.00
3320.00
3330.00
3270.00
3200.00
3170.00
3210.00
3220.00
3290.00
3300.00
3290.00
3190.00
3180.00
3160.00
3190.00
3180.00
3230.00
3300.00
3300.00
3320.00
3260.00
3190.00
3190.00
3200.00
3260.00
3320.00
3350.00
3290.00
3200.00
3170.00
3210.00
3260.00
3350.00
3350.00
3350.00
3270.00
3220.00
3230.00
3260.00
3330.00
3390.00
3420.00
3360.00
3420.00
3290.00
3220.00
3230.00
3270.00
3310.00
3390.00
3410.00
3340.00
3230.00
3200.00
3240.00
3270.00
3370.00
3360.00
3400.00
3300.00
3200.00
3220.00
3230.00
3280.00
3390.00
3380.00
3320.00
3220.00
3200.00
3210.00
3270.00
3360.00
3320.00
3390.00
3410.00
3370.00
3220.00
3170.00
3170.00
3250.00
3370.00
3400.00
3410.00
3280.00
3200.00
3210.00
3240.00
3300.00
3420.00
3430.00
3360.00
3210.00
3180.00
3200.00
3270.00
3390.00
3420.00
3430.00
3320.00
3440.00
3250.00
3210.00
3220.00
3260.00
3390.00
3450.00
3460.00
3340.00
3200.00
3190.00
3190.00
3360.00
3440.00
3450.00
3420.00
3280.00
3210.00
3210.00
3280.00
3400.00
3450.00
3480.00
3350.00
3180.00
3210.00
3190.00
3330.00
3230.00
3380.00
3480.00
3440.00
3320.00
3190.00
3120.00
3180.00
3280.00
3430.00
3440.00
3420.00
3230.00
3150.00
3160.00
3220.00
3400.00
3500.00
3500.00
3380.00
3230.00
3200.00
3210.00
3330.00
3460.00
3480.00
3400.00
3220.00
3160.00
3190.00
3140.00
3180.00
3260.00
3410.00
3470.00
3450.00
3260.00
3150.00
3160.00
3170.00
3340.00
3470.00
3490.00
3410.00
3220.00
3160.00
3160.00
3290.00
3450.00
3490.00
3490.00
3290.00
3170.00
3160.00
3220.00
3370.00
3500.00
3520.00
3490.00
3470.00
3360.00
3140.00
3160.00
3170.00
3340.00
3500.00
3500.00
3420.00
3180.00
3140.00
3140.00
3210.00
3420.00
3540.00
3530.00
3330.00
3170.00
3170.00
3190.00
3440.00
3540.00
3550.00
3440.00
3220.00
3160.00
3190.00
3150.00
3190.00
3390.00
3490.00
3540.00
3400.00
3210.00
3140.00
3140.00
3220.00
3440.00
3550.00
3570.00
3340.00
3230.00
3150.00
3170.00
3370.00
3480.00
3560.00
3480.00
3220.00
3130.00
3120.00
3210.00
3440.00
3300.00
3490.00
3560.00
3510.00
3250.00
3110.00
3110.00
3190.00
3420.00
3560.00
3560.00
3400.00
3170.00
3130.00
3140.00
3330.00
3500.00
3560.00
3540.00
3240.00
3110.00
3130.00
3150.00
3440.00
3570.00
3570.00
3380.00
3180.00
3080.00
3100.00
3100.00
3150.00
3410.00
3530.00
3560.00
3440.00
3200.00
3080.00
3100.00
3280.00
3500.00
3590.00
3540.00
3240.00
3110.00
3110.00
3150.00
3430.00
21110.00
21180.00
18930.00
6600.00
3200.00
3360.00
3050.00
3180.00
3760.00
3850.00
3420.00
3180.00
3570.00
3790.00
3240.00
3230.00
3740.00
3630.00
3190.00
3440.00
3800.00
3370.00
3160.00
3670.00
3750.00
3200.00
3240.00
3780.00
3530.00
3170.00
3490.00
3760.00
3250.00
3140.00
3680.00
3670.00
3140.00
3260.00
3340.00
3760.00
3390.00
3130.00
3570.00
3740.00
3190.00
3170.00
3710.00
3550.00
3150.00
3400.00
3820.00
3310.00
3110.00
3680.00
3770.00
3180.00
3240.00
3780.00
3540.00
3140.00
3470.00
3820.00
3220.00
3070.00
3670.00
3700.00
3650.00
3080.00
3330.00
3820.00
3370.00
3090.00
3570.00
3800.00
3180.00
3150.00
3760.00
3550.00
3090.00
3400.00
3860.00
3340.00
3090.00
3680.00
3750.00
3130.00
3260.00
3780.00
3500.00
3100.00
3460.00
3810.00
3270.00
3090.00
3720.00
3730.00
3700.00
3160.00
3320.00
3850.00
3400.00
3100.00
3600.00
3860.00
3180.00
3160.00
3810.00
3620.00
3110.00
3400.00
3870.00
3330.00
3080.00
3690.00
3800.00
3140.00
3200.00
3830.00
3550.00
3090.00
3460.00
3900.00
3250.00
3100.00
3730.00
3770.00
3750.00
3120.00
3290.00
3880.00
3440.00
3060.00
3610.00
3860.00
3180.00
3110.00
3820.00
3620.00
3090.00
3350.00
3890.00
3360.00
3040.00
3680.00
3810.00
3140.00
3170.00
3870.00
3560.00
3120.00
3430.00
3920.00
3240.00
3030.00
3700.00
3770.00
3710.00
3080.00
3290.00
3880.00
3400.00
3060.00
3610.00
3890.00
3200.00
3140.00
3840.00
3710.00
3100.00
3370.00
3970.00
3410.00
3080.00
3690.00
3900.00
3170.00
3160.00
3880.00
3620.00
3080.00
3440.00
3950.00
3310.00
3040.00
3750.00
3860.00
3810.00
3120.00
3260.00
3950.00
3510.00
3070.00
3570.00
3970.00
3240.00
3110.00
3860.00
3810.00
3080.00
3330.00
3920.00
3380.00
3010.00
3630.00
3860.00
3130.00
3070.00
3860.00
3640.00
3020.00
3360.00
3960.00
3320.00
3010.00
3710.00
3870.00
3100.00
3080.00
3200.00
3930.00
3530.00
3020.00
3520.00
3910.00
3220.00
3000.00
3860.00
3740.00
3040.00
3230.00
3950.00
3410.00
2980.00
3630.00
3900.00
3150.00
3070.00
3890.00
3710.00
3040.00
3330.00
3900.00
3300.00
2990.00
3670.00
3860.00
3830.00
3100.00
3170.00
4020.00
3570.00
3030.00
3530.00
3990.00
3250.00
3040.00
3880.00
3810.00
3070.00
3220.00
4020.00
3460.00
3010.00
3620.00
4030.00
3190.00
3060.00
3960.00
3760.00
3050.00
3320.00
4050.00
3430.00
2990.00
3710.00
3970.00
3940.00
3100.00
3180.00
4030.00
3590.00
3010.00
3500.00
4070.00
3270.00
3030.00
3880.00
3870.00
3080.00
3220.00
4070.00
3510.00
2990.00
3580.00
4030.00
3220.00
3060.00
3990.00
3830.00
3060.00
3310.00
4120.00
3450.00
3020.00
3700.00
3770.00
4000.00
3130.00
3160.00
4080.00
3650.00
3030.00
3480.00
4090.00
3300.00
3000.00
3880.00
3890.00
3070.00
3190.00
4120.00
3520.00
2980.00
3600.00
4060.00
3200.00
3040.00
3980.00
3870.00
3050.00
3260.00
4120.00
3480.00
2970.00
3630.00
3760.00
3970.00
3120.00
3110.00
4060.00
3650.00
2990.00
3440.00
4130.00
3300.00
2970.00
3890.00
3940.00
3100.00
3190.00
4130.00
3610.00
2980.00
3580.00
4130.00
3260.00
3050.00
3990.00
3870.00
3080.00
3290.00
4180.00
3510.00
2980.00
3660.00
3750.00
4020.00
3120.00
3070.00
4090.00
3700.00
3010.00
3420.00
4170.00
3350.00
2970.00
3810.00
3910.00
3000.00
3130.00
4040.00
3540.00
2910.00
3490.00
4040.00
3170.00
2910.00
3880.00
3750.00
2970.00
3180.00
4090.00
3340.00
2870.00
2870.00
3660.00
3890.00
2970.00
3010.00
4000.00
3550.00
2910.00
3380.00
4070.00
3220.00
2910.00
3840.00
3870.00
3010.00
3100.00
4080.00
3490.00
2900.00
3520.00
4050.00
3130.00
2950.00
3950.00
3730.00
2940.00
3260.00
4130.00
4110.00
3300.00
2880.00
3810.00
3990.00
3060.00
3070.00
4110.00
3540.00
2910.00
3470.00
4150.00
3250.00
2940.00
3970.00
3900.00
3040.00
3190.00
4210.00
3490.00
2930.00
3610.00
4110.00
3150.00
3000.00
4040.00
3800.00
2970.00
2900.00
13080.00
12160.00
12440.00
12570.00
12690.00
12650.00
12720.00
13050.00
15380.00
12920.00
8880.00
2740.00
2810.00
2780.00
2770.00
2760.00
2770.00
2750.00
2750.00
2760.00
2770.00
2770.00
2760.00
2740.00
2760.00
2790.00
2770.00
2770.00
2790.00
2770.00
2780.00
2750.00
2740.00
2760.00
2750.00
2740.00
2750.00
2730.00
2740.00
2760.00
2750.00
2740.00
2750.00
2750.00
2790.00
2750.00
2760.00
2750.00
2750.00
2760.00
2750.00
2760.00
2760.00
2730.00
2770.00
2790.00
2780.00
2770.00
2790.00
2770.00
2770.00
2770.00
2760.00
2750.00
2760.00
2760.00
2800.00
2760.00
2760.00
2760.00
2760.00
2760.00
2760.00
2750.00
2770.00
2770.00
2770.00
2770.00
2780.00
2770.00
2760.00
2760.00
2770.00
2770.00
2760.00
2770.00
2780.00
2770.00
2780.00
2760.00
2770.00
2750.00
2760.00
2760.00
2770.00
2710.00
2730.00
2710.00
2730.00
2720.00
2720.00
2750.00
2730.00
2740.00
2740.00
2760.00
2740.00
2730.00
2730.00
2730.00
2750.00
2730.00
2760.00
2730.00
2750.00